  	0.859023
  	0.106091
  	0.820312
  	0.300722
  	1.235534
  	0.243915
  	0.852779
  	1.514853
  	0.776937
   	0.708769
   	0.982711
   	0.669165
   	0.800117
   	0.769655
   	1.113199
   	0.441264
   	1.776571
   	0.209016
   	1.313586
   	0.514248
   	0.743456
   	1.285286
   	1.098690
   	0.819471
   	0.654108
   	1.368316
   	0.866338
   	1.969362
   	1.133658
   	0.693564
   	0.674982
   	0.229692
   	1.591179
   	0.408349
   	0.616255
   	1.174358
   	1.243382
   	0.825471
   	1.167533
   	1.324024
   	1.083612
   	0.836800
   	0.174170
   	-0.447739
   	1.906656
   	0.376585
   	0.424400
   	1.127747
   	0.640146
   	1.299858
   	0.819897
   	0.926170
   	1.103656
   	0.542344
   	0.476882
   	2.186700
   	1.006905
   	0.880357
   	1.310614
   	2.242881
   	1.500716
   	0.635344
   	0.461060
   	1.105074
   	0.724105
   	1.662683
   	0.954830
   	1.834505
   	1.911780
   	1.106614
   	0.244015
   	1.334002
   	-0.061365
   	1.376189
   	0.772933
   	0.968111
   	0.311000
   	1.201947
   	1.131739
   	1.646816
   	0.043403
   	1.760235
   	0.978032
   	1.037406
   	1.366726
   	1.461826
   	1.812404
   	0.653942
   	0.597325
   	0.129090
   	1.421303
   	1.367277
   	1.656370
   	1.380977
   	0.961122
   	0.784653
   	0.933176
   	1.366284
   	1.423303
    	1.624217
    	0.461993
    	1.181283
    	1.431760
    	1.513111
    	0.368863
    	0.328181
    	1.316596
    	2.195994
    	1.036484
    	1.498841
    	1.569573
    	0.646381
    	0.997168
    	1.804836
    	-0.060932
    	1.446596
    	1.712221
    	1.112642
    	1.212981
    	0.551270
    	0.018379
    	1.240601
    	0.002862
    	0.794725
    	1.138410
    	1.532930
    	1.190537
    	0.827255
    	1.410444
    	1.438089
    	1.890988
    	1.620052
    	-0.137410
    	1.216445
    	0.594023
    	1.497213
    	1.201638
    	1.084333
    	0.575706
    	0.365446
    	0.549491
    	0.996029
    	1.292963
    	0.699456
    	0.774271
    	1.160679
    	1.348669
    	1.232564
    	0.808495
    	0.781897
    	0.834616
    	1.485047
    	1.070263
    	0.653180
    	1.205525
    	0.823512
    	0.652794
    	1.294359
    	0.700054
    	1.248006
    	0.950378
    	0.485598
    	1.534548
    	-0.002113
    	0.311944
    	0.868640
    	1.217393
    	0.640566
    	0.019294
    	1.185284
    	0.996060
    	0.640476
    	0.302356
    	-0.003753
    	0.576755
    	0.778164
    	1.181158
    	1.167634
    	0.091083
    	-0.032020
    	1.076729
    	1.367867
    	0.457993
    	1.703739
    	0.939897
    	0.628728
    	1.113131
    	1.630089
    	0.795417
    	0.028289
    	0.216881
    	0.330477
    	0.419490
    	0.790892
    	0.764030
    	0.208577
    	1.009617
    	0.668645
    	2.149211
    	1.680494
    	0.337927
    	1.076789
    	1.242999
    	1.436399
    	0.832089
    	1.461750
    	1.173855
    	0.342389
    	1.229194
    	0.911219
    	0.711405
    	0.417266
    	1.812949
    	1.615329
    	0.312100
    	0.468705
    	0.358849
    	1.656415
    	0.698605
    	0.950414
    	1.423110
    	0.649955
    	1.076018
    	-0.111586
    	1.298201
    	1.280340
    	0.848108
    	1.083699
    	0.770024
    	1.405039
    	1.168002
    	0.614810
    	0.792289
    	1.482042
    	0.961579
    	1.112405
    	1.245168
    	1.337849
    	1.577124
    	0.918362
    	1.620977
    	0.668439
    	0.441639
    	0.949577
    	1.226464
    	0.852119
    	0.370727
    	0.851463
    	1.240699
    	0.815683
    	1.364147
    	0.339451
    	1.087676
    	0.862650
    	0.929517
    	1.485300
    	0.541903
    	0.602713
    	0.871011
    	1.518414
    	1.842396
    	1.960171
    	0.328554
    	0.564493
    	0.753187
    	1.580612
    	0.623830
    	0.767100
    	1.113244
    	0.322087
    	0.752236
    	2.235116
    	0.855406
    	1.219347
    	0.594581
    	0.981165
    	1.147332
    	1.660605
    	1.381553
    	0.572485
    	1.842847
    	1.309581
    	0.876653
    	0.831941
    	0.173581
    	2.148002
    	0.829318
    	2.234883
    	1.090461
    	0.961843
    	1.013009
    	0.947415
    	0.770339
    	1.642317
    	1.664103
    	1.638289
    	0.461948
    	0.905611
    	0.350818
    	1.583567
    	0.763171
    	0.674079
    	1.468999
    	0.764482
    	1.410531
    	0.927846
    	0.181642
    	1.032651
    	1.235704
    	1.028318
    	1.762844
    	0.729235
    	2.037246
    	0.986691
    	0.982677
    	1.137625
    	0.669514
    	0.575196
    	0.883684
    	0.328555
    	0.639344
    	1.438645
    	0.516100
    	1.813132
    	1.283386
    	1.042701
    	0.186819
    	1.022651
    	1.135470
    	0.318377
    	0.637282
    	1.767833
    	0.727967
    	-0.379386
    	0.221984
    	0.770144
    	1.781913
    	0.593657
    	1.067118
    	0.633808
    	0.284745
    	1.032184
    	0.545603
    	1.335287
    	1.100534
    	1.319419
    	1.609765
    	0.935934
    	0.141578
    	1.380361
    	1.251820
    	1.463582
    	0.829726
    	0.716461
    	0.808916
    	1.394379
    	0.130649
    	0.739596
    	1.378623
    	1.522937
    	1.438173
    	-0.157283
    	1.352541
    	1.734208
    	1.665338
    	1.419987
    	0.034558
    	1.308252
    	0.864111
    	1.967864
    	1.092731
    	0.953198
    	0.663930
    	0.249350
    	1.579703
    	1.311925
    	1.810311
    	1.718743
    	1.170665
    	1.925029
    	2.167074
    	1.010256
    	0.563605
    	0.998252
    	1.260805
    	0.158353
    	0.863306
    	1.379946
    	0.883097
    	1.030461
    	1.345837
    	1.401521
    	1.614909
    	1.115607
    	1.377538
    	0.604401
    	1.223322
    	0.937131
    	1.086279
    	1.716076
    	1.436206
    	0.906585
    	0.736754
    	1.019244
    	0.879253
    	0.191445
    	0.805837
    	0.576348
    	1.271320
    	-0.131044
    	0.587193
    	0.947929
    	1.915968
    	0.640469
    	1.928294
    	1.234274
    	1.796629
    	-0.016603
    	2.035795
    	0.989159
    	1.348466
    	0.303378
    	0.565116
    	-0.179606
    	0.656114
    	1.903983
    	1.616726
    	1.423030
    	0.271911
    	0.925323
    	1.671669
    	0.645866
    	0.237595
    	0.872205
    	0.509809
    	1.147978
    	0.962099
    	0.442893
    	1.127933
    	1.686318
    	1.248272
    	0.426877
    	0.566341
    	0.482882
    	1.231513
    	0.872892
    	0.753090
    	1.338927
    	0.342995
    	0.891272
    	0.340484
    	1.287164
    	1.264912
    	0.665252
    	1.009261
    	1.229097
    	0.912357
    	0.349058
    	1.632597
    	1.069308
    	1.234328
    	1.319676
    	0.840936
    	1.060444
    	1.474029
    	0.817157
    	0.355648
    	0.495067
    	1.524654
    	0.680540
    	1.359021
    	2.325528
    	0.689282
    	1.922418
    	1.211811
    	1.288712
    	0.666552
    	0.495397
    	1.226358
    	1.599569
    	0.934149
    	1.203776
    	1.754536
    	1.051631
    	0.618015
    	0.932424
    	0.469047
    	1.800634
    	0.617754
    	-0.368486
    	0.445058
    	0.989053
    	0.942344
    	1.369123
    	1.678185
    	1.439403
    	0.942545
    	0.167260
    	0.698395
    	1.140166
    	1.490278
    	1.379621
    	1.252679
    	1.363338
    	0.542803
    	1.295009
    	1.119497
    	1.068917
    	1.502368
    	1.123481
    	1.084183
    	1.041514
    	1.285850
    	0.957337
    	1.470600
    	1.753749
    	0.175906
    	0.823044
    	1.171106
    	0.571977
    	1.801988
    	1.161582
    	1.028722
    	1.212799
    	1.302569
    	1.354420
    	0.368520
    	0.757835
    	1.020830
    	0.588213
    	0.779819
    	0.933926
    	1.184021
    	1.316353
    	0.299561
    	0.654456
    	0.560608
    	1.013954
    	1.181855
    	0.948862
    	1.551936
    	1.264370
    	1.586154
    	1.165647
    	0.507389
    	1.028606
    	2.217254
    	1.475955
    	0.495143
    	0.954080
    	1.380929
    	1.724743
    	1.033666
    	0.892432
    	0.951009
    	0.298237
    	1.167174
    	0.478568
    	0.594527
    	0.947001
    	1.375487
    	1.292338
    	1.372541
    	1.020474
    	1.522066
    	0.695359
    	0.569271
    	1.458115
    	1.203336
    	1.982988
    	1.244912
    	1.094479
    	1.305352
    	0.304644
    	0.774062
    	0.869154
    	1.560159
    	0.945287
    	0.953320
    	0.963076
    	0.797038
    	-0.006451
    	1.036883
    	1.289666
    	1.513645
    	1.161110
    	1.053066
    	1.069926
    	0.736022
    	1.223977
    	0.929871
    	0.348509
    	1.514714
    	0.666433
    	1.237779
    	0.292822
    	1.158855
    	0.292107
    	0.942811
    	0.749035
    	1.200478
    	0.928291
    	-0.212033
    	1.382536
    	1.221070
    	0.451576
    	0.573733
    	0.223052
    	1.056276
    	1.165854
    	0.535060
    	0.311545
    	0.562692
    	1.334026
    	0.751650
    	2.068039
    	0.207861
    	0.823788
    	0.772934
    	1.366155
    	0.720292
    	0.891821
    	0.817860
    	2.406223
    	0.757399
    	0.735835
    	1.098922
    	1.647409
    	0.920284
    	1.350626
    	0.328165
    	1.425530
    	0.656830
    	1.418025
    	1.011575
    	0.770245
    	1.222927
    	1.166462
    	0.917371
    	0.292085
    	1.776786
    	1.078552
    	1.939954
    	0.678470
    	0.914855
    	0.844447
    	1.480169
    	0.777060
    	0.688390
    	0.634771
    	0.794026
    	1.495637
    	1.127005
    	0.801381
    	0.005072
    	1.565149
    	0.921078
    	0.518811
    	0.389933
    	1.151943
    	0.617161
    	0.872224
    	0.778623
    	1.144614
    	1.155709
    	1.447937
    	1.591830
    	1.633260
    	0.972322
    	0.697665
    	1.442846
    	0.475545
    	1.713123
    	1.255327
    	1.317345
    	1.065503
    	0.745539
    	0.731136
    	0.918766
    	0.729165
    	0.674782
    	1.311594
    	0.763970
    	1.299897
    	0.530809
    	1.088029
    	1.173942
    	1.314289
    	0.643734
    	0.831520
    	0.603340
    	1.721491
    	1.140282
    	1.478038
    	0.783374
    	1.200419
    	1.003678
    	1.237555
    	1.118866
    	0.862136
    	1.712829
    	0.010217
    	-0.068672
    	0.484257
    	0.872889
    	0.283788
    	0.069161
    	0.298906
    	1.580802
    	1.749770
    	1.147407
    	1.008660
    	1.391452
    	1.895800
    	-0.311120
    	0.875184
    	1.504173
    	2.104586
    	1.205348
    	1.130360
    	0.856426
    	1.826259
    	0.776290
    	1.328280
    	1.310942
    	0.930302
    	0.571684
    	1.416714
    	0.817533
    	1.859730
    	1.507029
    	1.028511
    	0.702879
    	-0.445621
    	1.443767
    	0.879154
    	1.746698
    	1.093568
    	0.701383
    	1.042016
    	1.770631
    	0.877311
    	0.875065
    	1.055612
    	0.579952
    	1.355721
    	0.873734
    	1.223067
    	1.538014
    	0.427466
    	1.077589
    	0.953414
    	1.483129
    	0.925931
    	0.828112
    	0.995410
    	1.403953
    	1.428207
    	0.629317
    	0.703373
    	0.298314
    	0.020829
    	0.846881
    	0.543335
    	0.916095
    	1.537431
    	1.425173
    	0.459593
    	1.946624
    	-0.195497
    	0.594835
    	1.645831
    	0.818832
    	1.069316
    	0.219919
    	1.483098
    	0.370457
    	0.412332
    	1.108343
    	0.932403
    	1.544787
    	0.667893
    	1.023005
    	0.868694
    	1.145710
    	1.312472
    	1.310739
    	1.097770
    	1.355773
    	1.336054
    	0.259549
    	0.564405
    	1.371054
    	0.901531
    	1.564184
    	1.019645
    	-0.108514
    	0.068766
    	0.620955
    	0.798220
    	1.658373
    	1.599350
    	0.946473
    	0.776632
    	1.330271
    	0.848776
    	0.851575
    	1.035110
    	1.529438
    	0.770298
    	0.153834
    	1.621855
    	0.989657
    	0.235044
    	0.559861
    	0.473762
    	1.245575
    	1.326001
    	1.194590
    	1.409748
    	0.776174
    	1.046568
    	0.826892
    	0.766980
    	0.502636
    	0.860053
    	1.017402
    	0.998389
    	0.898430
    	-0.269771
    	1.624967
    	0.773163
    	-0.377423
    	0.628450
    	1.330422
    	1.134864
    	0.156294
    	0.654030
    	1.220085
    	0.581874
    	1.242108
    	0.346728
    	1.730459
    	0.868452
    	0.065185
    	0.176420
    	0.628437
    	0.042471
    	1.655889
    	0.533429
    	0.867882
    	0.186074
    	1.824453
    	0.914155
    	1.915524
    	1.299492
    	0.619817
    	1.138447
    	0.625352
    	1.254748
    	1.750257
    	1.090736
    	0.814249
    	1.232647
    	0.631778
    	0.993094
    	1.285821
    	0.026320
    	1.214844
    	0.537742
    	0.816227
    	0.623552
    	2.128877
    	1.682051
    	1.463710
    	1.158773
    	0.568939
    	0.883904
    	0.617620
    	0.382344
    	1.043443
    	0.789830
    	1.495682
    	0.869898
    	1.150077
    	0.735599
    	1.325143
    	0.768531
    	1.779283
    	1.391729
    	0.820406
    	0.578433
    	0.487222
    	1.392973
    	1.151024
    	0.698683
    	0.917342
    	1.003502
    	0.855730
    	0.525165
    	0.932952
    	1.914277
    	1.334989
    	0.103086
    	1.193691
    	1.769295
    	0.711055
    	0.399788
    	1.769650
    	1.411782
    	0.620597
    	0.105912
    	1.182110
    	0.412581
    	0.324114
    	0.784762
    	1.218238
    	1.287592
    	0.468398
    	0.596921
    	1.447776
    	0.579504
    	1.381903
    	1.289376
    	0.894125
    	0.881580
    	1.839240
    	1.604119
    	1.630925
    	0.409196
    	0.493534
    	1.830863
    	1.215737
    	2.080079
    	0.820849
    	1.160707
    	1.086406
    	1.453816
    	1.184968
    	1.090117
    	1.110633
    	1.869726
    	0.819440
    	1.130926
    	0.689091
    	1.296562
    	0.894514
    	0.789235
    	0.819652
    	0.775343
    	0.658349
    	0.250373
    	1.907933
    	0.540918
    	0.805149
    	0.070121
    	2.128711
    	0.107267
    	0.801976
    	1.268249
    	0.705954
    	1.454431
    	1.525432
    	1.305186
    	1.312880
    	0.650562
    	0.424482
    	1.003414
    	0.703710
    	0.782218
    	1.546069
    	1.123983
    	0.840431
    	1.284784
    	0.757541
    	0.562027
    	1.163609
    	1.627545
    	1.692447
    	0.165508
    	1.831381
    	1.776792
    	1.913503
    	1.538079
    	1.352624
    	0.801891
    	0.315289
    	0.805902
    	0.874819
    	1.410458
    	0.440398
    	0.794078
    	0.648155
    	1.439348
    	0.808354
    	0.831404
    	1.278817
    	0.983708
    	0.216138
     	1.026749
     	0.370957
     	1.117071
     	0.758681
     	0.270885
     	0.705552
     	1.434931
     	0.608045
     	1.527673
     	1.153528
     	1.099036
     	0.348524
     	0.455919
     	1.256196
     	0.836128
     	1.700243
