1.36673
1.47116
1.46635
1.36751
1.38889
1.30649
1.63861
1.44867
1.41402
1.42428
1.35531
1.49884
1.33258
1.34302
1.32411
1.31636
1.43503
1.57828
1.22169
1.43503
1.40077
1.43327
1.32215
1.42172
1.40077
1.2771
1.21417
1.23709
1.2771
1.21501
1.33668
1.20501
1.20501
1.23967
1.53365
1.30149
1.3814
1.1488
1.0365
1.19586
1.07045
1.0365
1.29651
1.4156
1.32168
1.35892
1.37142
1.32054
1.38773
1.38689
1.513
1.37142
1.50476
1.03453
1.25054
1.19151
1.38891
1.01797
1.24171
1.4123
1.42353
0.918953
1.38685
1.52539
1.53161
1.34898
1.49253
1.15807
1.15807
1.45709
1.13079
1.48827
1.45709
1.09377
1.39478
1.47447
1.15378
1.09791
1.47016
1.38018
1.45449
1.51096
1.40416
1.407
1.54554
1.54382
1.24978
1.44085
1.65052
1.53458
1.29551
1.28568
1.77223
1.31939
1.29772
1.38308
1.40293
1.47787
1.41637
1.36023
1.15525
1.47692
1.33168
1.15216
1.42656
1.15525
1.38809
1.43784
1.3447
1.43379
1.41287
1.30491
1.30649
1.35531
1.47065
1.49636
1.3165
1.3244
1.42563
1.38809
1.46179
1.31715
1.42405
1.4788
1.33318
1.43379
1.21792
1.13799
1.02147
1.14571
1.06218
1.36403
1.43453
1.31535
1.63779
1.66873
1.62534
1.20372
1.29743
1.38266
1.27421
1.34232
1.50745
1.04693
1.07529
1.18797
1.53182
1.1416
1.07529
1.14571
1.06218
1.36403
1.43573
1.42599
1.52785
1.34898
1.44142
1.28421
1.03453
1.12387
0.915909
1.0719
1.3726
1.24891
1.39043
1.25001
1.24253
1.45016
1.4492
1.31728
1.2465
1.51723
1.20067
1.47579
1.08407
1.31498
1.42599
1.51723
1.20067
1.49493
1.16071
1.48209
1.45527
1.29551
1.34456
1.31016
1.32534
1.4034
1.61606
1.49791
1.22358
1.39979
1.35311
1.73508
1.27402
1.25851
1.53048
1.60418
1.54534
1.33829
1.5629
1.2746
1.51072
1.59475
1.56877
1.28922
1.34456
1.51149
1.46073
0.992948
1.06935
1.12336
1.43219
1.38311
1.09883
1.38446
1.38311
1.16434
0.959648
1.39501
1.30553
1.31752
1.08507
1.5623
1.38396
1.10268
0.973536
1.59845
1.38765
1.28324
0.971476
1.17751
1.22226
1.34834
1.09662
1.17751
1.25046
1.48779
1.13225
1.3034
1.0859
1.23924
1.0947
1.43563
1.3787
1.32776
1.52895
1.37546
1.5024
1.21536
1.43481
1.37546
1.38642
1.26474
1.36393
1.40292
1.38642
1.49517
1.23318
1.2854
1.49517
1.43589
1.38915
1.34966
1.41977
1.2344
1.15354
1.03466
1.01143
1.03466
1.31568
1.3001
1.31568
1.21041
1.53971
1.30947
1.35122
1.57774
0.911623
1.55282
1.55282
1.42317
1.18865
1.19208
0.927238
1.48101
1.36596
1.26789
1.11423
1.43282
1.47047
1.37208
1.43282
1.10887
1.38126
1.34222
1.41039
1.17814
1.43392
1.44093
1.18764
1.05231
1.02006
1.26357
1.14449
1.38348
1.05861
1.32701
1.04145
1.38126
1.41039
1.2704
1.16056
1.40711
1.48692
1.36879
1.38022
1.0187
1.40428
1.21252
1.24259
1.12274
1.31576
1.47709
1.27516
1.04581
1.14868
1.48015
1.39622
1.15985
1.10282
1.56009
1.36879
1.38022
1.5315
1.33589
1.28924
1.31423
1.54462
1.29767
1.08963
1.63251
1.54769
1.43161
1.38582
1.42423
1.23589
1.1003
1.33755
1.5315
1.12791
1.0293
1.31423
1.58969
1.26996
1.44034
1.38563
1.38177
0.913498
1.46425
1.45991
1.16009
1.3552
1.56926
1.19701
1.30265
1.44034
1.56926
1.44034
1.01377
1.38347
1.01117
0.939445
1.13211
1.55491
1.13211
1.23496
1.5518
1.25276
1.22227
1.33096
1.60591
1.14302
1.01671
1.35857
1.19654
1.19725
1.18781
1.31938
1.18781
1.18781
1.38158
1.42021
1.38984
1.54449
1.33995
1.2462
1.2462
1.2811
1.25203
1.30696
1.26512
1.26512
1.52165
1.16011
1.29597
1.55635
1.41611
1.57386
1.49872
1.33321
1.16817
1.04738
1.52838
1.51438
1.137
1.36415
1.46398
1.41421
1.45827
1.45827
1.36938
1.38792
1.36081
1.20067
0.9969
1.37364
1.65611
1.04261
1.35947
1.35719
1.31559
1.39681
1.11579
1.1888
1.42441
1.04569
1.28013
1.23496
1.38499
1.35261
1.18032
1.32309
1.38276
1.47855
1.40473
1.0315
0.894362
0.954576
1.16656
1.1906
1.17867
1.19165
1.27064
1.24478
1.0174
0.984724
1.27064
1.26956
1.17934
1.45539
1.23483
1.48564
1.33636
1.35437
1.43573
1.32082
1.06293
1.17989
1.02613
1.27052
1.17867
1.47431
1.32718
1.27052
1.50364
1.50484
1.11237
1.29861
1.36679
1.1105
1.3111
1.16817
1.50674
1.60299
1.34457
1.36081
1.49979
1.3857
1.57163
1.52479
1.36158
1.20917
1.04072
1.61953
1.61953
0.910991
1.1476
1.43356
1.32757
1.32922
1.15964
1.17348
1.14867
1.25538
1.44113
1.4685
0.915024
1.50053
1.34931
0.915024
1.51172
1.2941
1.41542
1.45971
1.44395
1.13802
1.28394
1.10514
1.1545
1.13448
1.26063
1.37573
1.20606
0.936111
1.5004
1.15702
1.36582
1.33739
1.2163
1.16813
1.13284
1.10265
1.17595
1.12315
1.11443
0.9727
1.22454
1.17154
1.46294
1.11851
1.56545
1.53505
1.5774
1.25643
1.53846
1.65466
1.59689
1.38313
1.38313
1.33628
1.05965
1.48548
1.19019
1.21182
1.55603
1.14819
1.57355
1.35521
1.34163
1.36071
1.27395
1.28094
1.30265
1.37323
1.39023
1.45839
1.4973
1.32658
1.51502
1.48915
1.35455
1.59394
1.38844
1.38844
1.04736
1.38511
1.14867
1.44582
1.17344
1.16373
1.25538
1.55948
1.07595
1.48126
1.2941
1.08171
1.46135
1.54306
1.20987
1.17348
1.33382
1.369
1.42322
1.21153
1.09097
1.42986
0.890893
1.2232
1.15264
1.34775
1.39624
1.52643
0.961424
1.53077
1.16932
1.18701
1.23851
1.38667
1.22286
1.27867
1.15604
1.16035
1.33572
1.2232
1.07618
1.4635
1.33014
1.28935
1.23177
1.53786
1.29886
1.002
1.59401
1.13295
1.29877
1.56465
1.51754
1.22813
1.31541
1.4635
1.50956
1.3375
1.11509
1.35232
1.43514
0.999099
1.31778
1.51173
1.20183
1.35117
1.35427
1.36492
1.54438
1.5462
1.32277
1.35232
1.49032
1.33128
1.24903
1.35232
1.46727
1.26453
1.11231
1.00171
1.49083
1.10594
0.799309
1.27024
1.3904
1.31186
0.751626
1.41155
1.2483
1.26859
0.94294
1.14528
1.18436
1.32628
1.29672
0.817268
1.42945
1.23301
0.971003
0.847191
1.13389
1.13474
1.02692
1.29585
1.31066
1.13669
1.13474
1.20813
1.24826
1.2304
1.47153
1.28527
1.28742
1.35217
1.2099
1.22732
1.09005
1.03469
1.53341
1.29333
1.01896
1.06614
0.966273
1.4313
1.42529
1.58776
1.28838
1.57301
1.04653
1.508
1.23295
1.55048
1.09064
1.09772
1.50157
1.5766
1.58441
1.21496
1.64643
1.34387
1.40617
1.28054
1.29985
1.21722
1.41
1.32925
1.41238
1.32857
1.35503
1.42887
1.3123
0.94294
1.37231
1.472
1.3796
1.2483
1.21123
1.32266
1.10594
0.7585
1.32055
1.15946
0.801959
0.751626
1.6381
0.971003
0.810827
1.43978
1.31312
1.3184
0.781813
1.265
1.56338
0.977671
0.811552
1.09575
1.21702
1.42715
1.09476
1.12738
1.13284
1.28958
1.5078
1.52156
1.31066
1.28527
1.26851
1.19881
1.25208
1.24506
1.06021
1.09575
1.22323
1.20952
1.07146
1.36265
1.1226
1.51259
1.55946
1.17171
1.11835
1.09785
1.33096
1.56442
1.14276
1.26408
1.21146
1.20797
1.29499
1.48151
1.28533
1.64643
1.28531
1.19241
1.5964
1.37908
1.41905
1.5863
1.21249
1.30925
1.25164
1.33397
1.49551
1.38971
1.40718
0.951679
0.991071
0.964533
1.33066
1.40596
1.42664
1.08858
0.951562
1.35457
1.32373
0.892922
1.01625
1.49513
0.974163
0.90102
1.32917
1.32162
1.42068
1.44031
1.37966
1.32917
1.32659
1.47669
1.38301
1.32659
1.32659
1.15906
1.48904
1.43414
1.15906
1.15906
1.13297
0.852098
1.18541
1.31796
0.922563
1.15914
1.41289
1.43308
1.39196
0.893982
1.41289
1.48901
0.922418
1.47266
1.24389
1.47482
1.43865
1.43865
1.38726
1.43831
1.47354
1.36227
1.3344
1.27611
1.36227
1.36227
1.37541
1.17986
1.17177
1.37541
1.37541
1.38196
1.44395
1.37231
1.18105
1.4133
1.38196
1.41622
1.32197
1.53736
1.22291
1.41622
1.19368
1.24178
1.19368
1.49008
1.30245
1.45925
1.47831
1.49984
1.4078
1.38773
1.31705
1.09695
1.16864
1.47997
1.59727
1.18568
1.49684
1.47997
1.4603
1.3997
0.907171
1.45117
1.45117
1.18262
1.50882
1.55456
1.47158
0.873469
1.32675
1.52807
1.22777
1.46466
1.1574
1.46894
1.22728
1.38278
1.3645
0.94597
1.32917
1.2824
1.11699
1.3787
1.37053
1.32162
1.23077
1.46561
0.899053
1.08898
0.91316
1.37984
1.44208
1.25825
0.991071
0.97236
1.38127
1.47918
0.964533
1.37918
0.977237
1.37966
1.2824
1.11699
1.33066
1.3645
0.954009
1.32917
1.2824
1.11699
1.13303
1.4125
1.47482
1.46249
1.35922
1.39243
0.898577
1.43185
0.922418
1.46249
1.3344
1.24383
1.23931
1.42916
1.34944
1.243
1.29523
1.28863
1.4368
1.18227
0.921142
0.916852
1.37231
1.35922
1.39243
1.4078
1.45435
1.52299
1.35922
1.39243
1.47129
1.35709
1.23742
1.45848
1.28236
1.38932
1.55822
1.56116
1.33839
1.32934
1.37563
1.19824
1.3009
1.42658
1.18236
1.47129
1.26408
1.48637
1.06796
1.47129
1.35847
1.23742
1.48721
1.46349
1.30791
1.21166
1.35002
1.60428
1.31873
1.31256
1.46584
1.54294
1.50255
1.44708
1.19789
1.26845
1.16434
1.48401
1.44942
1.05444
1.3749
1.48721
1.44942
1.31027
0.972395
1.35002
