1.61297
1.25157
1.44276
1.24217
1.32922
1.48826
1.2151
1.18664
1.14544
1.282
1.5709
1.24848
1.13235
1.1381
1.33782
0.916292
1.26253
1.17135
1.59179
1.29234
1.30498
1.12787
1.21046
1.32046
1.45063
1.67613
1.36605
1.3807
1.26452
1.45063
1.43184
1.27459
1.23676
1.42262
1.50387
1.56429
1.44611
1.42205
1.38194
1.35505
1.37283
1.53234
1.60842
1.34512
1.28013
1.27251
1.01948
1.3084
1.29833
1.23954
1.24883
1.23954
1.08763
1.10573
1.67385
1.4803
1.43196
1.26638
1.2237
1.23768
1.31957
1.55362
1.33954
1.30163
1.15699
1.59657
1.20281
1.21538
1.54836
1.56552
1.22326
1.14022
1.23506
1.33613
1.69271
0.96576
1.17664
1.50761
1.68137
1.75608
1.47345
1.07949
1.5057
1.43262
1.50339
1.24552
1.45355
1.16854
0.80893
1.36128
1.18092
1
1.4265
1.13958
1.48971
1.11986
1.16962
0.882237
1.26112
1.43481
1.2257
1.16417
0.961323
1.12662
1.1735
1.19665
0.794398
1.2543
1.21528
1.57721
1.69943
1.39708
1.39596
1.46589
1.43985
1.4104
1.526
1.60591
1.62783
1.31565
1.30146
1.34138
1.44771
1.54333
1.29295
1.6111
1.59019
1.3124
1.68002
1.41631
1.60211
1.58504
1.28211
1.23157
1.68644
1.34603
1.45589
1.24669
1.46416
1.23163
1.24238
1.19598
1.16492
1.24998
1.40648
1.2343
1.20786
0.908485
0.874674
1.34313
1.12819
1.53849
1.50064
1.55884
1.52482
1.62516
1.64172
1.39532
1.64821
1.31656
1.35485
1.04074
1.3126
1.34569
1.20521
1.32293
1.33997
1.3871
1.20309
0.898019
0.927967
1.44308
1.30591
1.30052
1.5154
1.46702
