1.16229
1.05264
1.10017
1.10017
1.10045
1.29235
1.11195
1.38647
1.38108
1.53513
1.40255
1.25719
1.45622
1.06903
1.20871
1.34898
1.38219
1.22751
1.27815
1.29803
1.42501
1.33992
1.51143
1.00941
1.07838
1.21074
1.48755
1.10847
1.36807
1.14595
1.16367
1.42743
1.29183
1.37403
1.42448
1.27251
1.3226
1.42697
1.46236
1.32032
1.48643
1.19442
1.11675
1.14791
1.1725
1.39388
1.31112
1.48406
1.03585
1.59698
1.19106
1.60977
1.18738
1.03766
1.12837
1.52043
1.18257
1.36721
1.06241
1.45187
1.33241
1.32999
1.56811
1.53568
1.55786
1.10191
1.35451
1.10533
1.11591
1.10017
1.22045
1.41977
1.3998
1.55074
1.06791
1.40255
1.38656
1.38108
1.06202
1.08043
1.22015
1.30474
1.3216
1.39706
1.1566
1.25605
1.04212
1.43275
1.38504
1.21626
1.35301
1.52293
1.37952
1.38557
1.15152
1.38292
1.33927
1.31843
1.15419
1.47857
1.33277
1.10659
1.47684
1.09018
1.03141
1.25326
1.08553
1.41989
1.42697
1.04273
1.48619
1.15854
0.994938
1.51034
1.24121
1.3341
1.45484
1.61348
1.38265
1.27596
1.23607
1.24513
1.24259
1.41586
1.03332
1.44953
1.02
1.00827
1.49908
0.894142
0.82944
0.963673
0.908414
0.970626
1.26344
1.29651
0.913172
1.25177
1.29786
1.13294
1.29021
1.20214
1.40783
1.57428
0.973467
1.43949
1.33158
0.957507
0.978938
1.41964
0.948236
1.25443
1.25443
1.26241
0.958088
1.05896
1.36675
1.35449
1.27437
1.305
1.56778
1.4611
1.29601
1.40918
1.4281
1.4281
1.51177
1.15491
1.40322
1.12896
1.4465
1.40933
1.41641
1.49356
1.36962
1.01369
1.27695
1.3875
1.12098
1.07122
1.14977
1.37513
1.36512
1.44384
1.25899
1.29525
0.942344
1.28805
1.33715
1.3259
0.993945
1.01234
1.00006
1.29244
1.09182
1.0254
1.2526
1.0254
1.33762
0.833196
1.02306
1.2526
1.07227
1.41548
1.41396
0.978799
1.08143
1.20858
1.61953
0.953541
1.27135
1.01854
1.39953
1.40214
1.17751
0.965957
1.32708
1.36128
1.3165
0.975525
1.328
1.32176
1.56158
1.43186
1.63155
1.58217
1.43186
1.39536
1.12356
1.50833
1.51928
1.40238
1.39536
1.46098
1.02382
1.39142
1.39793
1.3832
1.3047
1.37867
1.49956
1.28618
1.35509
1.23716
1.57079
1.20499
1.00424
1.30833
1.31607
0.93474
1.53726
0.894886
1.1937
0.954792
0.916772
1.05288
0.994497
1.40634
1.02036
1.01239
1.01239
1.34574
1.552
1.36183
1.32502
1.29333
1.46006
1.37261
1.14961
1.20044
1.32177
1.31649
1.17763
1.11471
1.23788
1.15653
1.23551
1.37147
1.01831
1.16275
0.974399
1.32198
1.34834
1.04508
1.27241
1.18239
1.11697
1.09981
1.029
1.24502
1.16226
1.13452
1.07838
1.07595
1.31697
1.02547
1.03233
1.17629
1.39821
1.38073
1.38073
1.34207
1.36749
1.37612
1.51153
1.26558
1.55686
1.49696
1.2626
1.2911
1.52107
1.48223
0.915556
1.24383
1.15515
1.33747
1.25766
0.954732
0.996731
1.31426
1.27292
1.15987
1.14414
1.21475
1.02596
1.02551
1.39644
1.38449
1.01727
1.01649
1.3682
1.35287
1.01431
1.00242
1.01649
1.35957
1.17763
1.24073
1.37589
1.12623
1.15653
1.07997
1.19622
0.98494
1.01831
1.39237
1.46978
1.34834
1.21661
1.35707
1.13895
1.38121
1.17455
1.3682
1.02549
1.3988
1.1092
1.08803
1.02549
1.38121
1.08529
1.38121
0.943307
1.36031
1.52604
1.52345
1.52105
1.27484
1.2207
1.12131
1.26611
1.39718
1.15515
1.27747
1.24457
1.31977
1.31352
1.53658
1.50688
1.43734
1.22731
1.33836
1.35507
1.21605
1.07525
1.07525
1.07525
1.46045
1.09978
1.43925
1.23139
1.19928
1.26353
1.23689
1.49797
0.964961
1.01047
1.38661
1.10486
1.48056
1.07556
1.20364
1.11517
1.10526
1.533
1.21907
0.913514
1.52538
1.49284
1.31347
1.22698
1.63776
1.30682
1.13765
1.29393
1.14253
1.14251
0.96713
1.15017
1.27492
1.31385
1.11693
1.30034
1.21191
1.35183
1.25019
1.29526
1.47511
1.14777
1.40296
1.44954
1.61878
1.36088
1.27484
1.17917
1.19637
1.05913
1.06611
1.37015
1.31783
1.14988
1.21144
1.14285
1.46308
1.22915
1.02204
1.13822
0.98579
1.21782
1.17042
1.07401
1.28293
1.36247
0.956803
1.24294
1.19405
1.15776
1.32462
1.26114
1.07504
1.36807
1.3429
1.29947
1.33097
1.35322
1.32824
1.26493
1.37122
1.14655
1.3085
1.37417
1.17061
1.65538
1.17061
1.47859
1.6391
1.14606
1.12298
1.12701
1.40999
1.11191
1.01748
1.16819
1.34914
1.52007
1.05468
1.58635
1.55789
0.987785
1.16459
1.54471
1.31854
1.62596
1.40804
1.12968
1.55366
1.26464
1.17389
1.19683
1.14961
1.23224
1.22324
1.37212
1.23205
1.18032
1.33829
1.37797
1.28096
1.21006
1.47822
1.22959
1.30749
1.42742
1.35918
1.50899
1.40316
1.31693
1.28708
1.4805
1.37581
1.29378
1.09779
1.24479
1.17768
1.17523
1.37497
1.05491
1.13391
0.848131
1.37702
1.17781
1.16936
1.17953
1.11887
1.10498
1.06785
1.15479
1.12849
1.06919
1.0828
1.0904
1.29229
1.25784
0.935673
1.1741
1.30576
1.20834
1.16807
1.1684
1.42775
1.28522
1.23166
1.42319
1.06739
1.03478
1.07021
1.24016
1.00976
1.5629
1.22154
0.92648
1.0684
1.13677
0.930905
1.05238
1.18788
1.13098
1.1234
1.39001
1.12292
1.4656
1.11026
1.05627
1.25455
1.31758
1.37663
1.52299
1.37256
1.42476
1.20428
1.28878
1.29749
1.23587
1.48594
1.5146
1.21974
1.24419
1.18112
1.34193
1.3402
1.24133
1.21435
1.37786
1.37415
1.19511
1.48675
1.05072
1.41277
1.48947
1.14279
1.19961
1.34723
1.24751
1.43455
1.35694
1.05426
1.23973
1.4748
1.36133
1.55227
1.02835
1.32068
1.29502
1.26349
1.45323
1.28209
1.33177
1.17736
1.33692
1.3418
1.23973
1.0866
0.95852
1.18741
1.17845
1.18349
1.40214
1.30533
1.05293
1.31778
1.06019
1.20742
1.30487
1.02865
1.33351
1.22801
1.07021
1.17056
1.22801
1.37116
1.1035
1.32626
1.25533
1.14224
1.08887
1.26206
1.1842
1.32966
1.25802
1.46814
1.30367
1.34055
1.48453
1.36427
1.31745
1.3234
1.14544
1.27126
1.41801
1.23473
1.26279
1.22632
1.14772
1.24022
1.48669
1.19082
1.35188
1.50961
1.17778
1.23499
1.31182
1.5829
1.44919
1.18177
1.46894
1.58844
1.43618
1.55984
1.3706
1.3411
1.15642
1.18477
1.26403
1.41963
1.31722
1.2915
1.20585
1.24472
1.14692
1.38978
1.35503
1.17393
1.65574
0.781754
1.11507
0.898757
1.36926
1.20146
0.856649
1.25455
1.02406
1.31713
1.12142
1.19949
1.27965
1.33974
1.02939
0.860231
1.05551
1.50748
1.11195
1.32832
1.32832
0.939601
1.37174
0.982785
1.2248
0.98629
1.39325
0.917555
1.18469
1.1971
1.2621
1.45824
0.84041
1.2002
1.32348
1.32389
0.964168
1.31377
1.32483
1.34922
1.26319
1.17919
1.30507
1.41766
1.06267
1.49123
1.41572
1.26119
1.31987
1.42213
1.28654
1.3093
1.40599
1.32325
1.40614
1.38552
1.2644
1.33139
0.916841
1.49272
1.41815
1.58527
1.43299
0.741954
1.24808
1.15211
0.993197
1.02496
1.19071
1.24669
0.797726
1.35335
1.11042
0.869187
0.949487
0.827156
1.21153
0.9365
0.869187
1.13155
1.0555
0.976902
1.39588
0.843051
0.968634
1.33547
0.906226
1.00206
1.40078
1.10504
1.27897
1.32968
1.40078
0.912672
1.19399
1.55443
0.957818
1.28618
1.29278
1.55285
1.07617
1.31985
1.35816
1.02385
1.06623
1.40929
1.47418
1.37147
1.07914
1.39501
1.54881
1.18846
1.07914
1.39501
1.51409
1.31671
1.47425
0.868116
1.55092
1.39938
1.32706
1.2638
1.59518
1.0726
1.45273
1.32941
