1.10746
1.35897
1.12766
1.11455
1.41954
1.43185
1.11248
1.08522
1.39467
1.68266
1.47919
1.1064
1.0246
1.02089
1.63117
1.11191
1.53129
1.48679
1.29411
1.21748
1.17848
1.78106
1.76631
1.50378
1.27803
1.20414
1.28354
1.63758
1.58006
1.36144
1.27803
1.4486
1.31101
1.44767
1.27086
1.27838
1.37194
1.27362
1.325
1.34374
1.32293
1.47276
1.01503
1.48807
1.04065
1.62283
1.82589
1.53184
1.3019
1.21351
1.53611
1.86417
1.16831
1.16131
1.39955
0.898711
1.1778
1.96748
1.36615
1.11732
1.39955
1.0913
1.37117
1.11732
1.39955
1.0913
1.46034
1.37117
1.0973
1.39955
1.26704
1.8248
0.966868
1.73988
1.5396
1.54472
1.41637
1.40096
1.38132
1.29633
1.54472
1.44772
1.40096
1.33042
1.31714
1.37057
1.21421
1.41632
1.34322
1.26497
1.30198
1.39544
1.61324
1.15515
1.42585
1.35623
1.87621
1.6518
1.61599
1.00414
1.10058
1.77244
1.38161
1.22872
1.0174
1.03303
1.52255
1.21177
1.58478
1.28788
1.3653
1.59398
1.02047
1.5204
1.25732
1.62428
1.56836
1.49899
1.60182
1.12878
1.2428
1.54193
1.16289
1.26605
1.67908
1.71445
1.55841
1.52758
1.37335
1.24597
1.35592
1.58476
1.06205
1.45019
1.4185
1.456
1.63727
1.52751
1.19515
1.35687
1.30077
1.6914
1.44052
1.08861
1.48918
1.38425
1.47769
1.57932
1.38453
1.48965
1.45336
1.36743
1.39033
1.46725
1.53678
1.48209
1.3004
1.11474
1.20175
1.53678
1.21264
1.31408
1.13958
1.13774
1.28408
1.44626
1.52298
1.45238
1.63007
1.5701
1.5916
1.59231
1.50676
1.45693
1.56633
1.56633
1.56633
1.07106
1.10407
1.20364
1.55706
1.45646
1.50662
1.47469
1.25753
1.0722
1.53643
1.69371
1.88887
1.98352
1.03589
1.04
1.04
1.47437
1.66413
1.66413
1.03105
1.07372
1.94618
1.10071
1.29982
1.57808
1.09032
1.58183
1.57539
1.57539
1.36359
1.38228
1.31081
1.39063
1.38133
1.61846
1.62245
1.42103
1.37512
1.55355
1.87383
1.72994
1.50128
1.50128
1.53566
1.39616
1.06047
1.16345
1.52081
1.48818
1.44892
1.11157
1.04026
1.36015
1.39136
1.39052
1.73112
1.14946
0.998229
1.39678
1.62669
1.66547
1.67334
1.76226
1.63138
1.53615
1.53638
1.56652
1.44257
1.15971
1.55672
1.55672
1.49145
1.66413
1.5814
1.17557
1.48501
1.53757
1.47665
1.72483
1.529
1.56279
1.29962
1.25991
1.74567
1.68694
1.42743
