1.09822
1.34141
1.2295
1.517
1.41239
1.24385
0.999286
1.58008
1.12924
0.99647
1.03615
1.21725
1.5879
0.95644
1.08284
1.21725
1.28724
1.08404
1.04298
1.52924
1.14794
1.22117
1.2861
1.25412
1.25952
1.22458
1.21485
1.31004
1.03651
1.39306
1.07044
1.51046
1.57104
1.27445
1.32901
1.46312
1.2841
1.32901
1.34237
1.65181
1.52463
1.3771
1.09744
1.48757
1.6237
1.51336
1.66389
1.22551
1.73064
1.16635
1.23289
1.14609
0.753847
0.824399
0.708292
0.81863
0.783587
1.04937
1.04809
1.19629
1.45195
1.08007
1.23273
1.25647
0.951234
1.24585
0.958086
1.33497
1.01809
0.963638
1.00926
1.29745
0.90793
1.01112
1.16954
1.29848
1.17503
1.27272
0.842686
1.7836
1.00798
1.5672
1.79535
1.50544
1.17073
1.34301
1.34818
1.25553
1.4308
1.20328
1.23225
1.3078
1.29242
1.19801
1.42687
1.48735
1.2295
1.00264
1.01888
1.32936
1.32936
1.6277
1.51059
1.50089
1.61551
1.59896
1.55644
1.20602
1.39994
0.999217
1.0093
1.14504
1.36879
1.15066
1.39453
1.24385
1.01854
1.33425
1.2126
1.21462
1.40858
1.31297
1.4283
1.51077
1.41742
1.50881
1.44521
1.44521
1.6477
1.18856
1.58205
1.51534
1.25024
1.26586
1.40552
1.29365
1.54386
1.44839
1.328
1.83775
1.38024
1.22861
1.52725
1.78027
1.4468
1.78212
0.858808
0.88213
1.25647
0.909345
0.738556
1.41826
1.34781
1.43948
1.20075
1.24532
1.21148
1.39416
1.39332
0.795913
1.65268
0.975214
1.05705
0.897627
1.24585
0.922963
0.737341
1.33552
1.12651
1.45947
1.47423
1.22495
1.04247
1.38108
0.934085
1.16075
1.40714
1.49535
0.724239
0.876444
1.5117
1.23825
1.29089
1.18701
0.80714
1.37362
1.16169
1.5431
