1.25893
1.56205
1.36584
1.08696
1.25893
1.6629
1.43763
1.56733
1.50744
1.36045
1.32442
1.30194
1.32442
1.32442
1.32423
1.44107
1.36378
1.36378
1.36378
1.37968
1.37429
1.20004
1.24709
1.25551
1.43357
1.54038
1.70306
1.2822
1.2972
1.24851
1.57834
1.70436
1.80107
1.2972
1.41691
1.19632
1.7435
1.4843
1.4843
1.13294
1.52266
1.47144
1.37255
1.13294
1.13294
1.32805
1.39819
1.51002
1.56616
1.32706
1.61097
1.18318
1.18166
1.40016
1.4461
1.45184
1.11742
1.278
1.54127
1.33512
1.43001
1.54127
1.54127
1.4835
1.28418
1.09941
1.4835
1.47794
1.35551
1.35501
1.57357
1.73117
1.6766
1.40858
1.14504
1.50863
1.10391
1.53273
1.15573
1.10391
1.44799
1.52277
1.69435
1.58449
1.65069
1.59704
1.75505
1.29532
1.282
1.32442
1.34952
1.61693
1.39714
1.54295
1.44712
1.24073
1.35532
1.56555
1.2986
1.34912
1.36558
1.5521
1.32442
1.34993
1.18555
1.64092
1.58543
1.32442
1.34993
1.31477
1.20479
1.52326
1.15836
1.23815
1.91756
1.16227
1.28698
1.16227
1.26223
1.7251
1.46406
1.38583
1.26429
1.70684
1.74525
1.41355
1.15704
1.39647
1.70684
1.81928
1.52326
1.15836
1.55024
1.42303
1.54127
1.29904
1.48242
1.33218
1.41181
1.33625
1.35564
1.65082
1.45061
1.42341
1.29614
1.18318
1.10149
1.56039
1.09941
1.18318
1.42808
1.54127
1.21028
1.50892
1.27355
1.51958
1.46279
1.74056
1.24578
1.53286
1.59606
1.45842
1.69525
1.51291
1.50695
1.67894
1.20365
1.60738
1.4266
1.55588
