1.7292
1.07341
1.45778
1.40894
1.42633
1.29181
2.22173
1.48814
1.27351
1.21242
1.54589
1.58144
1.5675
1.68445
1.62872
1.17641
1.31117
1.36951
1.28456
1.56522
1.4405
1.30905
1.69234
1.26419
1.55045
1.44914
1.74136
1.75917
1.58431
1.39944
1.06126
1.65211
1.83123
1.37652
1.60153
1.31037
1.3945
1.08433
1.73064
1.49524
1.73944
1.37955
1.49524
1.87233
1.8996
1.0302
1.20124
1.22052
1.33678
1.40977
1.10786
1.20044
1.22052
1.33678
1.40977
1.10786
1.19658
1.3183
1.32658
1.55778
1.07578
1.23355
1.08
1.45779
1.48227
1.84648
1.07578
1.95401
1.61743
1.29937
1.60267
1.26219
1.56418
1.65571
1.17052
1.10928
1.47531
1.27864
1.49036
1.46565
1.21986
1.19294
1.15036
1.3189
1.12107
0.651767
1.1666
0.849548
1.17725
1.44718
1.25217
1.35056
1.14433
1.39178
1.50247
1.44776
1.77113
1.35143
1.19419
1.64475
1.65489
1.34207
1.27676
1.27784
1.40977
0.98458
1.1175
1.71412
0.918917
0.98458
1.1175
1.68142
1.23597
1.32771
1.66576
1.01278
1.41782
1.31649
1.38105
1.18534
1.41529
1.55658
1.16087
1.25985
1.02792
1.02236
1.67422
1.08383
1.06165
0.806095
1.48672
1.15065
1.24676
1.40917
1.49426
1.62572
1.49418
1.25585
1.11237
1.28204
1.11386
1.58239
1.69895
1.40677
1.29662
1.38084
1.09412
1.15852
1.34086
1.43714
1.54721
1.21136
1.36619
1.63525
1.49344
1.58671
1.38672
1.48484
1.73471
1.27292
1.14702
1.57362
1.35697
1.18192
1.23908
1.81856
1.35035
1.35035
1.28336
1.21038
1.3758
1.51893
1.47101
1.3587
1.3587
1.60195
1.60195
1.98801
1.76833
1.35439
1.6765
1.64289
0.879674
1.05231
1.32826
1.41313
1.23399
1.26394
1.26394
1.20837
1.34867
1.34867
1.34867
1.42686
1.24891
1.27556
1.27556
1.29177
1.2379
1.74876
1.79678
1.20373
1.4573
1.40196
1.40196
1.36471
1.70123
1.53596
1.20235
1.66025
1.42681
1.42681
1.45095
1.28564
1.12061
1.38756
1.34518
1.02167
1.27466
1.1524
1.25449
1.23448
1.54805
1.27124
1.40521
0.778213
1.513
1.16464
1.63451
1.13919
1.21074
0.710303
1.59944
1.16728
1.39032
1.39032
1.63857
1.43477
1.23715
1.05537
1.22118
1.44612
1.16632
1.45471
1.3369
1.40494
1.26787
1.30281
0.572831
0.572831
1.56882
0.758001
0.765224
0.800616
1.03585
1.3081
1.23136
1.61468
1.84801
1.1595
1.12887
1.6148
1.6148
1.33938
1.61348
1.81873
1.88033
1.12094
1.70267
1.68113
1.42633
1.42633
1.24178
1.33489
1.40112
0.82938
1.23294
1.483
1.08963
1.17269
1.17269
1.49346
1.49346
0.983944
1.6729
1.6729
1.16281
1.67993
1.27958
1.41901
1.3243
1.28709
1.41205
