1.31977
1.31352
1.53658
1.50688
1.43734
1.22731
1.64966
1.33836
1.67305
1.67305
1.06891
1.35507
1.21605
1.07525
1.07525
1.07525
1.40205
1.46045
1.09978
1.43925
1.23139
1.19928
1.26353
1.23689
0.964961
1.38661
1.48056
1.07556
1.20364
1.11517
1.10526
0.913514
1.49284
1.31347
1.63776
1.29393
1.14251
0.96713
1.15017
1.27492
1.31385
1.11693
1.30034
1.21191
1.35183
1.25019
1.29526
1.47511
1.14777
1.18615
1.40296
1.44954
1.61878
1.36088
1.27484
1.17917
1.19637
1.05913
1.06611
1.37015
1.44728
1.31783
1.14988
1.21144
1.14285
1.46308
1.22915
1.02204
1.13822
0.98579
1.24044
1.21782
1.07401
1.05488
1.28293
1.36247
0.956803
1.38519
1.24294
1.19405
1.15776
1.32462
1.26114
1.07504
1.36807
1.3429
1.29947
1.33097
1.35322
1.32824
1.26493
1.37122
1.14655
1.3085
1.37417
1.17061
1.65538
1.17061
1.47859
1.6391
1.14606
1.12298
1.12701
1.40999
1.01748
1.16819
1.34914
1.52007
1.05468
1.58635
1.55789
0.987785
1.16459
1.54471
1.31854
1.62596
1.40804
1.26464
1.19683
1.14961
1.23224
1.37212
1.23205
1.18032
1.33829
1.37797
1.28096
1.17335
1.21006
1.47822
1.22959
1.30749
1.42742
1.35918
1.50899
1.40316
1.31693
1.28708
1.4805
1.32309
1.37581
1.09779
1.24479
1.17768
1.17523
1.37497
1.61606
1.05491
1.13391
0.848131
1.37702
1.17781
1.16936
1.11887
1.10498
1.06785
1.15479
1.12849
1.06919
1.0828
1.0904
1.29229
1.25784
0.935673
1.1741
1.30576
1.20834
