1.0782
1.31004
1.81145
1.19947
1.09894
1.11609
1.0782
1.64175
1.81145
1.19947
1.0985
1.10709
1.49211
1.55782
1.16334
1.10058
1.3387
1.43399
1.50273
1.15544
1.0064
1.01478
1.10332
1.64681
1.60497
1.23252
1.50815
1.11587
1.39376
1.15382
1.22032
1.50815
1.21115
1.39376
1.28331
1.21571
0.937933
1.44772
1.57834
1.33809
1.0538
1.64953
1.39897
1.3884
1.62468
1.04442
1.2855
1.37774
1.27087
1.29348
1.03128
1.2855
1.46407
1.3582
1.29654
0.857263
1.50237
1.65909
1.35011
1.10816
1.30229
1.25587
0.991325
1.7832
1.39387
1.56306
1.36309
1.08125
0.898258
1.49047
1.05397
1.33749
1.15723
1.05397
1.33749
1.4789
1.15723
0.901315
1.33749
1.32172
1.54374
1.66369
0.910754
1.20264
1.30814
1.56
1.19827
1.11594
1.38317
1.30873
1.34311
1.56
1.19827
1.11594
1.38317
1.34268
1.34311
1.37105
1.38295
1.41887
1.35535
1.32262
1.40052
1.31509
1.62206
1.37135
1.41008
1.55902
1.57468
1.49119
1.309
1.84368
1.14872
1.21589
1.85242
1.38216
1.58864
1.47631
1.01559
1.10134
1.16804
1.77771
1.1223
1.02562
1.03279
1.23341
1.1383
1.46835
1.27857
1.26651
1.23341
1.1927
1.35292
1.27857
1.47654
1.58292
1.74741
1.57149
1.44578
1.3682
1.68878
1.1476
1.2213
1.81191
1.77123
1.55489
1.66205
1.50575
1.64161
1.72538
1.70427
1.53271
1.64737
1.51222
1.57107
1.61048
1.36948
1.35795
1.1761
1.20657
1.53413
1.53001
1.35081
1.56786
1.44068
1.31834
1.37016
1.25062
1.55797
1.29607
1.32649
1.20198
1.41199
1.41199
1.41784
1.55655
1.68484
1.56367
1.19543
1.22031
1.43851
1.43851
1.53073
1.38914
1.4778
1.32331
1.19781
1.10855
1.17224
1.25774
1.28552
1.56339
1.36194
1.25735
1.13438
1.13438
1.28396
1.31291
1.59804
1.50791
1.60442
1.21248
1.82558
1.46101
1.46101
1.53498
1.50314
1.06389
0.94965
1.48842
1.72086
1.32205
1.46384
1.50193
1.81273
1.42149
1.23429
1.56842
1.64623
0.957598
0.957598
0.950263
0.968505
1.51891
1.51891
1.8952
1.98965
1.33228
1.27904
1.27904
1.27904
1.20633
1.32025
1.29902
1.86928
1.10552
0.902359
1.45587
1.41312
1.16771
1.11379
1.59875
1.40708
1.33947
0.902727
1.34969
1.17153
1.50737
1.52856
1.58969
1.47293
1.36998
1.34126
1.45287
1.42617
1.27016
1.61207
1.53561
1.61948
1.23743
1.35647
1.7653
1.3157
1.59198
1.41179
1.91315
1.89222
1.4776
1.4776
1.50651
1.30699
1.50953
1.24804
1.36069
1.35376
1.36058
1.40823
1.325
1.43306
1.23014
1.18002
1.41941
1.41941
1.35221
1.41138
1.25872
1.20513
1.05462
1.05462
1.65686
1.36415
1.492
1.49211
1.59134
1.46859
1.50739
1.50739
1.34399
1.69371
1.69371
1.76621
1.32551
1.09564
1.61367
1.37334
1.33412
1.70847
1.64008
1.44362
1.36955
1.25787
1.68666
1.61852
1.60919
1.60095
1.32336
1.50042
