1.02719
1.2192
1.18065
1.62022
1.40582
1.26674
1.24206
1.55004
1.67324
1.24993
1.30795
1.25245
0.961556
1.10942
1.40663
0.822963
0.832062
0.879904
0.876156
1.45794
1.16402
1.2293
1.08422
1.2584
1.36623
1.64066
1.51244
1.24764
1.3159
1.33968
1.22806
1.27822
1.37826
1.11951
1.51204
1.45763
1.41105
0.969236
1.13644
1.61828
1.54636
1.53067
1.66469
1.57734
1.53552
1.3533
1.36858
1.49677
1.44626
1.3533
1.50835
1.58557
1.51793
1.54002
1.53786
1.41814
1.18846
1.05127
0.886327
0.807695
1.10942
1.11258
1.3974
1.25033
0.840424
0.952636
1.19691
0.7917
1.13508
1.15513
1.28199
0.766408
0.899176
1.00857
0.962775
1.5074
1.41803
1.51216
0.79837
1.55966
1.83284
1.43766
1.01014
0.801903
1.26846
1.36273
1.42047
1.61477
1.33119
1.55937
1.17859
1.39661
1.36672
1.16397
1.40769
1.24194
1.20417
0.828045
1.15625
1.30816
1.53749
1.59994
1.2713
1.50736
1.33641
1.15503
1.16021
1.37262
0.922399
1.22878
1.25597
1.25234
1.42948
0.789695
1.12133
1.50975
1.29331
1.34266
1.51765
1.62822
1.36537
1.36537
1.59555
1.59354
1.37699
1.37699
1.45536
1.28639
1.42108
1.56002
1.30433
1.62254
1.3828
1.27887
1.59003
1.75979
1.40274
1.3066
1.35268
1.84708
1.54956
1.30862
1.2595
1.32153
1.48634
1.57971
1.16649
0.934306
1.16902
0.974293
0.913519
1.4088
1.56798
1.06341
1.31387
1.37815
1.6852
1.20694
1.67975
1.29451
1.19972
1.41357
1.27481
1.25752
1.28734
1.3274
0.937877
1.27287
1.28736
1.41368
1.57172
1.48884
1.59659
1.65836
1.35616
0.834695
1.37103
1.53743
0.714
0.810631
0.858589
1.22909
1.37176
0.854771
1.68257
1.34417
1.49178
1.38382
