1.1791
1.61961
1.58231
1.53851
1.51451
1.41555
1.41016
1.48417
1.17876
1.28133
1.2584
0.9966
1.33289
1.29857
1.29857
1.36878
1.45645
1.54436
1.36728
1.36728
1.36728
1.42568
1.42568
1.30693
1.17935
1.2136
1.2136
1.24722
0.944097
1.40109
0.767733
1.15045
1.39964
1.39983
1.36203
1.07344
1.39755
1.39755
1.4041
1.41069
1.4095
1.39378
1.32705
1.23986
1.10059
1.39333
1.26498
1.55522
1.14515
1.46386
0.962275
1.48832
1.35446
1.41763
1.50441
1.27017
1.18962
1.28027
1.38241
1.42794
1.4604
1.47744
1.4227
1.4604
1.27595
1.28744
1.45255
1.42203
1.4746
1.3978
1.31038
1.51221
1.41811
1.27517
1.09388
1.5065
0.912649
0.836786
1.30639
1.47082
1.15412
1.16844
1.69508
1.23441
1.21945
1.67718
1.27696
1.15153
1.13715
1.4334
1.31968
1.37571
1.38593
1.53207
1.4334
1.25217
1.46585
1.38593
1.65937
1.14765
1.32357
1.34374
1.4539
1.3586
1.34506
1.27118
1.34071
1.12387
1.31968
1.34576
1.31213
1.26107
1.31968
1.33473
1.24591
1.07098
1.35813
1.41207
1.25781
0.871347
1.38033
1.35813
1.40441
1.58113
1.03023
0.809169
1.09705
1.38965
1.42687
1.45686
1.42687
1.16946
1.4609
1.30719
1.52747
1.29139
1.34057
1.38544
1.24658
1.4604
1.24065
1.06195
1.40212
1.47855
1.35423
1.28744
1.05338
1.13864
1.33586
1.2655
1.35195
2.04751
1.2406
1.50294
1.50534
1.4604
1.4746
1.3978
1.04207
1.64449
1.16518
1.27272
1.65446
1.28815
1.15412
1.22605
1.21382
1.2513
1.50919
1.40602
1.0489
1.3813
1.41792
1.0265
1.25656
1.6738
1.14602
1.09388
1.6065
1.52244
