1.15964
1.17348
1.12899
1.14867
1.44113
1.1236
0.915024
1.50053
0.915024
1.51172
1.2941
1.44395
1.29927
1.13802
1.28394
1.23233
1.10514
1.15388
1.1545
1.08009
1.13448
1.26063
1.37573
0.936111
1.2879
1.17807
1.14152
1.5004
1.3469
1.43305
1.36582
1.33739
1.23359
1.41875
1.20624
1.27123
1.16813
1.13284
1.10265
1.1614
1.32939
1.17595
1.12315
1.07689
1.11443
1.46918
1.22116
1.17154
1.41612
1.46294
1.11851
1.56545
1.5774
1.65466
1.38313
1.15986
1.38313
1.33628
1.30099
1.48548
1.55603
1.14819
1.57355
1.35521
1.34163
1.36071
1.28094
1.30265
1.37323
1.39023
1.51502
1.48915
1.4801
1.59394
1.26169
1.41507
1.26169
1.49331
1.38844
1.36156
1.54688
1.38844
1.40832
1.38511
1.11582
1.14867
1.44582
1.17344
1.16373
1.55948
1.07595
1.06927
1.48126
1.2941
1.15388
1.08171
1.46135
1.20987
1.17348
1.33382
1.13134
1.1236
1.42322
1.31548
1.09097
1.42986
1.13594
1.13543
1.15264
1.34775
1.26099
1.39624
1.33261
1.52643
0.961424
1.33307
1.22693
1.16932
1.18701
1.28553
1.41322
1.45742
1.21068
1.27867
1.15604
1.16035
1.25289
1.414
1.07618
1.10036
1.28134
1.33014
1.28935
1.53786
1.002
1.0147
1.59401
1.13295
1.56465
1.51754
1.30648
1.3375
1.25828
1.11509
1.35232
1.36982
1.35584
0.999099
1.37689
1.60234
1.4927
1.3606
1.50007
1.51173
1.20183
1.35117
1.35427
1.54438
1.32277
1.35232
1.49032
1.36484
1.33128
1.24903
1.35232
1.46727
1.00171
