0.857665
1.17803
1.47402
1.18081
1.36109
1.28476
1.28304
1.2444
0.781943
0.88436
0.815052
1.14334
1.19361
1.18272
1.40294
1.37103
1.29775
1.40758
1.33569
1.28496
1.27428
1.39818
1.29728
1.25588
1.43585
1.24432
1.25601
1.484
1.58842
1.44146
1.15558
1.57403
1.38996
1.50312
1.14776
1.64446
1.66808
1.16065
1.28627
1.35388
1.43482
1.32586
1.37831
1.30856
1.55243
0.931803
1.3658
1.2073
1.07718
1.44836
1.25208
1.14011
1.28406
1.25235
1.41043
1.2925
1.21017
1.287
1.28406
1.28365
1.2792
1.34003
1.45641
1.18917
1.28329
1.05549
1.34455
0.980977
1.15179
1.36635
1.08299
0.859093
1.23199
1.20346
1.39262
1.11968
1.34946
1.43296
1.12118
1.46772
1.52765
1.40778
0.808267
0.822534
1.41967
1.39373
1.46373
1.17067
1.26432
1.0971
1.0971
1.04937
1.5438
0.863719
0.879113
1.4185
1.49278
0.83713
0.821005
1.43516
1.28494
1.23178
1.05021
1.78168
1.27631
1.27631
1.28798
1.09157
1.21787
1.24819
1.66931
1.04139
1.40758
1.42931
1.51426
1.74382
1.7057
1.3361
1.29117
1.08663
1.76503
1.66257
1.0405
1.29843
1.20841
1.25707
1.31416
1.02359
1.45351
1.2394
1.3962
1.48853
1.25368
1.33194
1.3679
1.37837
1.42594
1.35524
1.38761
1.18055
1.24522
1.07195
1.05561
1.0719
1.04072
1.32811
1.41613
1.41491
1.27799
1.43736
1.40048
1.34726
1.34508
1.63169
1.73376
1.67547
1.56917
1.29441
1.24213
1.67832
1.60834
1.33118
0.820226
0.820226
1.29341
1.1132
1.05735
0.977176
1.23618
1.19721
1.1714
0.87378
