1.16807
1.1684
1.42775
1.28522
1.23166
1.42319
1.06739
1.03478
1.07021
1.5629
1.22154
0.92648
1.0684
1.13677
0.930905
1.05238
1.18788
1.13098
1.1234
1.39001
1.12292
1.4656
1.11026
1.05627
1.25455
1.37663
1.52299
1.37256
1.45776
1.20428
1.28878
1.29749
1.23587
1.48594
1.5146
1.06272
1.21974
1.24419
1.18112
1.34193
1.3402
1.24133
1.37786
1.37415
1.19511
1.48675
1.05072
1.41277
1.48947
1.14279
1.19961
1.34723
1.43455
1.35694
1.05426
1.23973
1.4748
1.36133
1.55227
1.02835
1.32068
1.29502
1.26349
1.45323
1.28209
1.33177
1.17736
1.33692
1.3418
1.23973
1.0866
0.95852
1.18741
1.17845
1.40214
1.30533
1.05293
1.31778
1.06019
1.20742
1.30487
1.22581
1.33351
1.22801
1.07021
1.17056
1.22801
1.37116
1.1035
1.32626
1.25533
1.14224
1.08887
1.26206
1.1842
1.25802
1.46814
1.30367
1.34055
1.48453
1.36427
1.31745
1.3234
1.14544
1.27126
1.41801
1.23473
1.26279
1.22632
1.14772
1.24022
1.19082
1.35188
1.50961
1.17778
1.31182
1.5829
1.44919
1.18177
1.46894
1.58844
1.43618
1.55984
1.3706
1.3411
1.15642
1.18477
1.26403
1.41963
1.31722
1.2915
1.20585
1.24472
1.38978
1.35503
1.17393
1.65574
1.1586
