1.31438
1.52387
1.10238
1.18397
1.32895
1.18508
1.27706
1.18846
1.38293
1.33023
0.792334
1.50444
1.49697
1.31662
1.40356
1.00341
1.0751
1.42088
1.00277
0.643773
0.705728
0.605771
0.71783
0.812915
0.906275
0.857105
0.866387
1.32864
1.07099
1.16757
1.4044
1.53762
1.32941
1.53984
1.33844
1.32295
1.16404
1.35921
1.17382
1.32295
1.11492
1.03421
1.31799
1.27719
1.11868
1.21485
1.34194
1.22995
1.11503
1.4258
1.48262
1.00167
1.20561
1.4421
1.48364
0.989578
1.34988
1.43529
1.40549
1.29758
1.3289
1.23247
1.48458
1.57163
1.20293
1.20482
1.48013
1.28616
1.14593
1.34019
1.4134
1.4076
1.12391
1.25516
1.32265
1.43478
1.3532
1.38318
1.03604
1.44624
1.14478
1.52316
1.22346
1.39283
1.33467
1.5095
1.55382
1.0522
1.16424
1.38638
1.48348
1.42854
1.10288
1.17936
1.15056
1.19003
1.36132
1.40142
1.16175
1.08642
1.43739
1.39141
1.16555
1.1652
1.26064
1.34698
1.24537
1.48856
1.29815
1.43068
1.4534
1.56152
1.57227
1.4045
1.36211
1.55803
1.11798
1.37392
1.4732
1.12629
1.20284
1.58829
1.5156
1.50759
1.19582
1.38323
1.45146
1.27526
1.31321
1.63812
1.36174
0.71505
0.723716
0.991602
0.908596
1.24117
1.50532
1.50532
1.50532
1.38715
0.92408
0.654015
1.50532
1.14463
1.15576
0.682418
1.47359
0.949622
1.12877
1.26129
1.2106
0.885849
0.945474
1.05398
1.18441
1.27663
1.45144
1.55862
1.44354
0.989512
0.734297
0.905438
0.943991
1.11504
1.33727
1.31602
1.29528
1.12222
1.52648
1.32527
1.23222
1.36006
1.17742
1.23588
1.36399
1.36534
1.15401
1.43491
1.42564
1.25442
0.929576
1.12165
1.38358
1.37005
1.34278
1.38447
1.216
1.32098
1.55771
1.45314
1.68992
1.49079
1.49079
1.33797
1.29528
1.5311
1.78394
1.25535
1.44128
1.13181
1.05543
1.23917
1.46528
1.14704
1.36356
1.36211
1.44618
0.930338
1.00125
1.25886
1.6671
1.06373
1.17579
1.19798
1.55578
1.53341
1.42257
1.37915
1.32736
1.04669
1.08421
1.36385
1.56067
1.32069
1.05961
1.37531
1.46858
1.43622
1.45253
1.24232
1.22368
1.18244
1.55083
1.65459
1.41019
1.4465
1.01936
1.31121
1.36151
1.57243
1.25537
1.33673
1.21643
1.21643
1.3649
1.3649
1.38775
1.20906
1.47233
1.26461
1.26984
1.38546
1.40448
1.42537
1.37905
1.35348
1.40438
1.48213
1.08978
1.31873
1.58249
1.58434
1.48213
