1.33097
0.8504
1.27743
0.968215
1.41919
0.8504
1.3623
1.22122
1.25643
0.850187
1.24863
0.857345
0.896277
0.843404
0.955225
0.969279
0.790317
0.873615
1.08976
0.965017
1.0346
0.851786
1.29535
0.8504
1.34038
0.968215
1.34358
1.53762
1.26454
1.30065
1.20738
1.19468
1.18536
1.32871
0.933755
1.27598
1.29815
0.936804
1.48659
1.29891
1.33934
1.35577
1.31754
1.40489
1.12599
1.4021
1.3185
1.31624
1.34877
1.05845
1.22425
0.779096
0.766985
1.51812
1.02059
1.49504
1.61179
1.19322
1.4761
1.09743
1.00532
1.08993
1.39741
1.09108
1.15336
1.33286
1.35462
1.40733
1.41786
0.923123
1.35808
1.42584
1.5997
1.3908
1.53727
1.57671
1.54991
1.35423
1.37045
1.46595
1.30945
1.57659
1.27683
1.13746
1.23153
1.34745
1.13448
0.846621
1.01973
1.082
0.8804
1.28742
0.922867
0.841129
0.855017
0.922867
1.25986
1.29229
0.873615
0.949486
1.25329
1.34487
0.752478
1.20211
1.13448
0.895235
0.986091
1.10202
1.05486
1.30374
1.21053
1.27387
0.845577
1.07273
1.27042
1.19225
1.31852
1.26997
1.34782
1.34007
1.33015
1.33026
1.55569
0.903054
1.21048
1.16851
0.756868
1.21763
1.28749
1.41743
1.27476
1.17375
1.36634
1.33829
1.19479
0.814382
1.55649
1.51185
1.40003
1.05402
1.40947
1.19382
1.32383
1.61294
1.03418
1.15282
1.50644
1.10373
1.1044
1.19656
0.957708
1.71448
1.57089
1.35781
1.46703
1.4804
1.7684
1.68791
1.83381
1.43218
0.875161
1.29744
1.28291
1.08765
1.06501
1.13309
1.29342
0.921948
1.10675
1.10675
1.41484
1.47037
0.986518
