1.20198
1.33061
1.22688
1.35441
1.32436
1.48666
1.38081
1.36109
1.39875
1.43641
1.48562
1.2691
1.42518
1.31004
1.1903
1.2424
1.1903
1.23168
1.14527
1.23754
1.53612
1.28129
1.27009
1.12699
1.64781
1.18637
0.959098
1.34591
1.66129
1.34302
1.30592
1.66162
1.50887
1.30431
1.84052
1.35191
1.44932
1.35191
1.26459
1.04286
1.04286
1.27798
1.34633
0.974875
0.798697
0.971215
1.25099
0.722583
1.0099
0.946623
1.38279
1.37672
1.30569
0.918284
1.37391
1.38481
1.24383
0.896509
1.3466
1.37513
1.32259
0.853822
1.27722
0.944439
0.907933
1.43009
1.01844
0.969439
1.33582
0.812201
1.51783
1.04139
1.14845
0.884899
1.1338
0.894177
1.29136
1.44044
1.43943
0.952969
0.885568
1.77994
1.45013
0.931878
0.89701
1.24297
1.13833
1.37308
1.28269
1.22581
1.25024
1.35147
0.967549
0.988676
1.34568
1.37979
1.22789
1.50132
0.990898
1.04734
1.29704
1.17915
1.35508
1.64926
1.71127
1.27049
1.24757
1.24579
1.12166
1.63335
1.63335
1.55243
1.364
1.14431
1.55053
1.19206
0.949037
1.10582
1.49511
1.29498
1.43139
1.60628
1.20851
1.40358
1.53602
1.60381
1.36249
0.815643
0.964687
1.08175
1.36964
1.33565
0.844581
0.941016
0.826171
1.04286
0.974875
0.974875
1.12153
1.64338
1.30254
1.2984
1.08539
0.918284
1.31857
0.907248
0.982396
0.962991
1.08175
1.3159
1.2891
0.868094
1.25601
1.70697
1.51783
1.25953
1.32687
1.13901
1.46133
1.51632
1.2325
0.847343
1.02948
1.13495
1.42737
1.33472
1.29477
1.03289
1.20331
1.21237
1.28142
