1.08936
1.10291
1.01909
1.04582
0.967197
1.00451
1.4213
1.03649
1.02744
1.04582
1.08906
1.15089
1.103
1.03498
1.02577
1.20161
1.38905
1.12351
1.04778
1.02049
1.26017
1.20161
0.924334
1.52803
1.11744
1.21698
1.3582
1.00605
1.368
1.34207
1.38001
1.30175
1.1228
1.58453
1.10606
0.970773
1.30175
0.928324
1.26953
1.1385
1.11152
0.944781
0.892477
0.705537
1.5297
1.46162
1.11401
1.7174
1.45944
1.32794
0.949294
1.254
1.00196
1.16502
1.19903
0.965204
1.51517
1.4243
1.31659
1.19903
1.48647
1.50095
1.3811
1.23928
1.41865
1.38479
1.41774
1.26308
1.39996
1.00877
1.41865
1.38479
1.42637
1.35442
1.23653
1.57415
1.52093
1.44052
1.15254
1.05299
1.12964
1.38751
1.2344
1.02463
1.6567
1.27609
1.2329
1.14769
1.44187
1.34351
1.10321
0.993407
1.064
1.162
1.51743
1.49777
1.25411
1.36353
1.39433
1.31288
1.4051
1.46621
1.5012
1.40173
1.1168
1.4721
1.4163
1.20387
1.42476
1.56502
1.08707
1.08707
1.08392
1.42505
1.37293
1.45043
1.11293
1.04104
0.897781
1.20456
1.07051
1.04049
1.52894
1.14704
1.00665
1.07106
1.11495
1.11495
1.01887
1.02492
1.03152
1.09215
1.32609
1.10871
1.11771
1.01811
1.04013
1.52169
1.35523
1.35201
1.2835
1.35672
0.888707
0.905721
1.40567
1.27446
1.21048
1.30011
0.721543
1.46143
1.33354
1.00236
1.5408
1.30142
1.45281
1.31831
1.26062
0.920709
0.845314
1.47377
1.34128
1.3925
1.50737
0.964352
1.22006
1.21792
1.48314
1.43079
0.950032
0.974109
0.974109
1.08696
0.927246
1.36985
1.14344
1.51732
1.379
1.15012
1.33145
1.29876
1.37718
1.42681
1.12405
1.36418
1.3167
1.3056
1.27886
1.3056
1.22294
1.29558
1.3211
1.25839
1.25839
0.949814
0.931572
1.2821
1.24728
1.67889
1.10753
0.970798
1.3143
1.29038
1.57955
1.003
1.12869
1.08345
1.54793
1.53647
1.49612
1.19665
1.23135
1.26287
1.3656
1.65518
1.65518
1.36402
1.13038
1.31866
1.54537
1.5343
1.41548
1.35777
