1.1728
1.3581
1.18042
1.09139
1.07089
1.49368
1.72149
1.22128
1.16982
1.25074
1.07434
1.04922
0.833286
1.09087
1.22486
1.18207
0.879688
0.844865
0.953182
0.916865
1.02395
0.984613
0.808113
1.10767
1.38352
1.66515
1.48569
1.27834
1.41267
1.25673
1.34568
1.4409
1.39973
1.44182
1.50392
1.0773
1.43521
1.55517
1.0773
1.60616
1.64015
1.24739
1.38588
1.20502
1.28693
1.2118
1.30773
1.15059
0.895035
1.35751
0.847883
1.19149
0.881594
1.44043
1.27282
1.48522
1.40727
1.47544
0.95759
0.896656
1.24552
1.12295
1.04862
1.20146
1.29797
0.791318
0.82801
1.3443
1.33787
0.954888
0.814798
1.50581
1.52613
0.773656
0.793575
1.31077
1.33186
1.22334
1.22334
1.18762
1.30945
1.31221
1.37233
1.44145
1.44406
1.17943
0.970337
1.07313
1.17257
1.11805
1.06616
0.864784
0.820472
1.46352
0.999722
1.6614
1.27492
1.53383
0.921199
1.43003
1.43631
1.53386
1.4487
1.23752
1.60244
0.932152
0.988227
1.09458
1.22473
1.3917
1.26752
1.49716
1.49418
1.38619
1.29526
1.2627
1.41197
1.37074
1.5064
1.40841
1.39516
1.31323
1.31323
1.44644
1.52122
1.37855
1.49755
1.7045
1.54312
1.67078
1.3621
1.12252
1.00571
1.24667
1.22786
1.30873
1.04551
1.08835
0.977019
1.30134
1.46433
1.36499
1.424
1.50013
1.05072
1.40027
1.10935
0.887798
1.34533
1.16613
0.770818
1.18948
1.31417
1.23655
1.23732
1.37831
0.752821
0.774215
1.41018
0.886015
0.978428
1.3653
1.22654
1.3274
0.829864
1.18039
1.02719
1.2192
1.18065
1.62022
1.40582
1.26674
1.24206
1.55004
1.67324
1.24993
1.30795
1.25245
0.961556
1.10942
1.40663
0.822963
0.832062
0.876156
1.45794
1.16402
1.2293
1.08422
1.2706
1.2584
1.36623
1.64066
1.51244
1.24764
1.3159
1.33968
1.22806
1.27822
1.37826
1.11951
1.45763
1.41105
1.17953
0.969236
1.13644
1.54636
1.53067
1.66469
1.53552
1.3533
1.36858
1.49677
1.3533
1.50835
1.58557
1.51793
1.54002
1.53786
1.41814
1.18846
1.05127
0.886327
0.807695
1.10942
1.11258
1.3974
1.25033
0.840424
0.952636
1.19691
0.7917
1.13508
1.15513
1.28199
0.766408
0.899176
1.00857
0.962775
1.5074
1.69954
1.41803
0.79837
1.55966
1.83284
1.43766
0.813247
1.01014
0.801903
0.876644
1.26846
1.36273
1.42047
1.26032
1.61477
1.33119
1.55937
1.17859
1.39661
1.36672
1.16397
1.40769
1.24194
1.20417
0.828045
1.6248
1.15625
1.30816
1.59994
1.2713
1.50736
1.33641
1.54783
1.15503
1.16021
1.37262
1.33643
1.22878
1.25597
1.25234
1.42948
0.789695
1.12133
1.50975
1.29331
1.34266
1.51765
1.62822
1.5103
1.36537
1.36537
1.59555
1.59354
1.37699
1.37699
1.45536
1.28639
1.42108
1.56002
1.30433
1.62254
1.3828
1.27887
1.59003
1.75979
1.49885
1.40274
1.3066
1.35268
1.84708
1.54956
1.30862
1.2595
1.32153
1.48634
1.57971
1.16649
0.934306
1.16902
0.974293
0.913519
1.4088
1.06341
1.31387
1.37815
1.6852
1.20694
1.67975
1.29451
1.19972
0.970044
1.41357
1.27481
1.25752
1.28734
1.3274
0.937877
1.27287
1.28736
1.41368
1.57172
1.48884
1.59659
1.65836
1.35616
0.834695
1.37103
1.53743
0.714
0.810631
0.858589
1.22909
1.32202
1.37176
0.854771
1.68257
1.34417
1.49178
1.38382
1.61297
1.25157
1.44276
1.24217
1.48826
1.2151
1.18664
1.282
1.5709
1.24848
1.1381
1.33782
0.916292
1.26253
1.17135
1.44701
1.59179
1.29234
1.30498
1.12787
1.21046
1.32046
1.45063
1.67613
1.36605
1.3807
1.26452
1.45063
1.43184
1.35997
1.27459
1.23676
1.34714
1.42262
1.50387
1.38192
1.56429
1.44611
1.42205
1.38194
1.35505
1.37283
1.53234
1.60842
1.34512
1.28013
1.27251
1.01948
1.3084
1.29833
1.23954
1.24883
1.23954
1.08763
1.10573
1.67385
1.4803
1.43196
1.26638
1.2237
1.23768
1.31957
1.55362
1.30163
1.15699
1.53341
1.59657
1.20281
1.21538
1.15398
1.54836
1.56552
1.22326
1.14022
1.23506
1.33613
1.69271
0.96576
1.17664
1.50761
1.68137
1.75608
1.47345
1.07949
1.5057
1.43262
1.50339
1.24552
1.45355
1.16854
0.80893
1.36128
1.18092
1
1.4265
1.13958
1.11986
1.16962
0.882237
1.26112
1.43481
1.2257
1.16417
0.961323
1.12662
1.1735
1.19665
0.794398
1.2543
1.21528
1.57721
1.69943
1.39708
1.39596
1.46589
1.43985
1.4104
1.526
1.62783
1.31565
1.30146
1.34138
1.44771
1.54333
1.29295
1.6111
1.59019
1.3124
1.68002
1.41631
1.60211
1.58504
1.28211
1.23157
1.68644
1.34603
1.45589
1.24669
1.46416
1.24238
0.944918
1.38806
1.19056
1.19598
1.16492
1.24998
1.18356
1.40648
1.15271
1.2343
1.37608
0.908485
0.874674
1.34313
1.12819
1.53849
1.50064
1.55884
1.52482
1.62516
1.64172
1.39532
1.64821
1.31656
1.35485
1.04074
1.3126
1.34569
1.20521
1.32293
1.33997
1.3871
1.20309
0.898019
0.927967
1.44308
1.30591
1.30052
1.46702
1.31438
1.52387
1.10238
1.18397
1.18508
1.27706
1.18846
1.13937
1.33023
1.1963
0.792334
1.1963
1.50444
1.49697
1.31662
1.40356
1.00341
1.0751
1.16962
1.00277
0.643773
0.952945
0.573976
0.705728
0.605771
1.4636
0.962475
0.757341
0.71783
0.812915
0.906275
0.959378
0.857105
0.866387
1.32864
1.07099
1.16757
1.4044
1.53762
1.39821
1.32941
1.53984
1.33844
1.32295
1.16404
1.58384
1.35921
1.17382
1.32295
1.11492
1.54175
1.03421
0.971885
1.27719
1.11868
1.21485
1.34194
1.22995
1.11503
1.4258
1.48262
1.00167
1.20561
1.4421
1.48364
0.989578
1.34988
1.13861
1.43529
1.29758
1.3289
1.23247
1.48458
1.57163
1.32328
1.20293
1.20482
1.31725
1.48013
1.28616
1.14593
1.34019
1.4134
1.25516
1.25199
1.43478
1.38318
1.03604
1.44624
1.14478
1.52316
1.22346
1.39283
1.33467
1.5095
1.0522
1.27575
1.16424
1.38638
1.48348
1.10288
1.18939
1.15056
1.19003
1.42223
1.36132
1.40142
1.16175
1.08642
1.43739
1.39141
1.1652
1.34698
1.24537
1.48856
1.29815
1.43068
1.4534
1.56152
1.57227
1.4045
1.36211
1.55803
1.11798
1.37392
1.12629
1.20284
1.5156
1.19582
1.38323
1.45146
1.27526
1.63812
1.36174
0.71505
0.723716
0.908596
1.24117
1.50532
1.50532
1.50532
1.14413
0.92408
0.654015
1.50532
1.15576
0.682418
0.949622
0.994279
0.994279
0.963428
1.12877
1.26129
1.2106
0.846096
0.885849
0.945474
1.05398
1.18441
1.27663
1.45144
1.55862
1.44354
0.989512
0.734297
0.905438
0.943991
1.11504
1.33727
1.31602
1.29528
1.12222
1.52648
1.32527
1.23222
1.36006
1.42561
1.36359
1.17742
1.22477
1.23588
1.36399
1.36534
1.15401
1.43491
1.64669
1.64347
1.42564
0.929576
1.12165
1.38358
1.37005
1.38447
1.216
1.32098
1.55771
1.45314
1.68992
1.49079
1.49079
1.36974
1.33797
1.29528
1.5311
1.78394
1.25535
1.44128
1.05543
1.23917
1.36619
1.46528
1.25707
1.36356
1.36211
1.44618
0.930338
1.00125
1.25886
1.6671
1.06373
1.36259
1.17579
1.19798
1.55578
1.53341
1.37915
1.32736
1.04669
1.08421
1.56067
1.32069
1.05961
1.37531
1.46858
1.43622
1.45253
1.24232
1.22368
1.18244
1.55083
1.65459
1.41019
1.4465
1.01936
1.31121
1.36151
1.57243
1.33673
1.21643
1.21643
1.38775
1.20906
1.26461
1.26984
1.40448
1.42537
1.37905
1.35348
1.40438
1.48213
1.08978
1.31873
1.58249
1.58434
1.48213
0.857665
1.17803
1.47402
1.18081
1.36109
1.28476
1.45765
1.28304
1.2444
0.781943
0.88436
0.815052
1.14334
1.19361
1.18272
1.40294
1.37103
1.29775
1.40758
1.33569
1.28496
1.27428
1.39818
1.29728
1.25588
1.43585
1.24432
1.32912
1.25601
1.484
1.58842
1.44146
1.15558
1.57403
1.38996
1.50312
1.14776
1.64446
1.66808
1.16065
1.28627
1.35388
1.43482
1.32586
1.37831
1.30856
1.55243
0.931803
1.3658
1.2073
1.07718
1.44836
1.25208
1.14011
1.28406
1.25235
1.41043
1.2925
1.21017
1.287
1.28406
1.28365
1.2792
1.34003
1.45641
1.18917
1.28329
1.05549
1.34455
1.17319
1.46146
0.980977
1.15179
1.02191
1.36635
1.08299
0.859093
1.23199
1.20346
1.39262
1.11968
1.34946
1.43296
1.70041
1.12118
1.46772
1.52765
1.40778
0.808267
0.822534
1.41967
1.39373
1.46373
1.17067
1.26432
1.0971
1.0971
1.04937
1.5438
0.863719
0.879113
1.4185
1.49278
0.83713
0.821005
1.43516
1.28494
1.23178
1.05021
1.78168
1.27631
1.27631
1.28798
1.19523
1.09157
1.21787
1.24819
1.66931
1.04139
1.40758
1.42931
1.51426
1.74382
1.7057
1.3361
1.29117
1.08663
1.76503
1.66257
1.0405
1.29843
1.20841
1.25707
1.31416
1.02359
1.45351
1.2394
1.3962
1.48853
1.25368
1.33194
1.3679
1.37837
1.35524
1.38761
1.18055
1.24522
1.07195
1.05561
1.0719
1.04072
1.32811
1.41613
1.41491
1.27799
1.43736
1.40048
1.34726
1.63169
1.73376
1.67547
1.56917
1.29441
1.24213
1.67832
1.60834
1.33118
0.820226
0.820226
0.958901
1.29341
1.1132
1.05735
0.977176
1.23618
1.19721
1.1714
0.87378
1.20198
1.33061
1.22688
1.35441
1.32436
1.48666
1.38081
1.36109
1.39875
1.43641
1.48562
1.2691
1.42518
1.31004
1.1903
1.2424
1.1903
1.23168
1.14527
1.23754
1.53612
1.28129
1.27009
1.12699
1.64781
1.18637
0.959098
1.34591
1.66129
1.34302
1.30592
1.66162
1.50887
1.30431
1.84052
1.35191
1.44932
1.35191
1.26459
1.04286
1.04286
1.27798
1.34633
0.974875
0.798697
0.971215
1.25099
0.722583
1.0099
0.946623
1.38279
1.37672
1.30569
0.918284
1.37391
1.38481
1.24383
0.896509
1.3466
1.37513
1.32259
0.853822
1.27722
0.944439
0.907933
1.43009
1.01844
0.969439
1.33582
0.812201
1.51783
1.04139
1.14845
0.884899
1.1338
0.894177
1.29136
1.44044
1.43943
0.952969
0.885568
1.77994
1.45013
0.931878
0.89701
1.24297
1.13833
1.37308
1.28269
1.22581
1.25024
1.35147
0.967549
0.988676
1.34568
1.37979
1.22789
1.50132
0.990898
1.04734
1.29704
1.17915
1.35508
1.64926
1.71127
1.27049
1.24757
1.24579
1.12166
1.63335
1.63335
1.55243
1.364
1.14431
1.55053
1.19206
0.949037
1.10582
1.49511
1.29498
1.43139
1.60628
1.20851
1.40358
1.53602
1.60381
1.36249
0.815643
0.964687
1.08175
1.36964
1.33565
0.844581
0.941016
0.826171
1.04286
0.974875
0.974875
1.12153
1.64338
1.30254
1.2984
1.08539
0.918284
1.31857
0.907248
0.982396
0.962991
1.08175
1.3159
1.2891
0.868094
1.25601
1.70697
1.51783
1.25953
1.32687
1.13901
1.46133
1.51632
1.2325
0.847343
1.02948
1.13495
1.42737
1.33472
1.29477
1.03289
1.20331
1.21237
1.28142
1.33097
0.8504
1.27743
0.968215
1.41919
0.8504
1.3623
1.22122
1.25643
0.850187
1.24863
0.857345
0.896277
0.843404
0.955225
0.969279
0.790317
0.873615
1.08976
0.965017
1.0346
0.851786
1.29535
0.8504
1.34038
0.968215
1.34358
1.53762
1.26454
1.30065
1.20738
1.19468
1.18536
1.32871
0.933755
1.27598
1.29815
0.936804
1.48659
1.29891
1.33934
1.35577
1.31754
1.40489
1.12599
1.4021
1.3185
1.31624
1.34877
1.05845
1.22425
0.779096
0.766985
1.51812
1.02059
1.49504
1.61179
1.19322
1.4761
1.09743
1.00532
1.08993
1.39741
1.09108
1.15336
1.33286
1.35462
1.40733
1.41786
0.923123
1.35808
1.42584
1.5997
1.3908
1.53727
1.57671
1.54991
1.35423
1.37045
1.46595
1.30945
1.57659
1.27683
1.13746
1.23153
1.34745
1.13448
0.846621
1.01973
1.082
0.8804
1.28742
0.922867
0.841129
0.855017
0.922867
1.25986
1.29229
0.873615
0.949486
1.25329
1.34487
0.752478
1.20211
1.13448
0.895235
0.986091
1.10202
1.05486
1.30374
1.21053
1.27387
0.845577
1.07273
1.27042
1.19225
1.31852
1.26997
1.34782
1.34007
1.33015
1.33026
1.55569
0.903054
1.21048
1.16851
0.756868
1.21763
1.28749
1.41743
1.27476
1.17375
1.36634
1.33829
1.19479
0.814382
1.55649
1.51185
1.40003
1.05402
1.40947
1.19382
1.32383
1.61294
1.03418
1.15282
1.50644
1.10373
1.1044
1.19656
0.957708
1.71448
1.57089
1.35781
1.46703
1.4804
1.7684
1.68791
1.83381
1.43218
0.875161
1.29744
1.28291
1.08765
1.06501
1.13309
1.29342
0.921948
1.10675
1.10675
1.41484
1.47037
0.986518
1.29007
1.52957
1.49726
1.29028
1.32912
1.6204
1.38541
1.12865
1.29028
1.46544
1.43698
1.26124
1.56235
1.29261
1.46111
0.693119
1.44828
0.937282
1.35503
1.42214
1.52438
0.917074
1.11953
1.3043
1.12602
1.15397
1.11535
1.5926
1.64478
1.63292
1.35294
1.6381
1.42708
1.32814
1.31774
1.55926
1.52488
1.7122
1.3012
1.08587
1.47659
1.62382
1.45808
1.51486
1.16179
1.54544
1.53984
1.6285
1.41518
1.38891
1.51545
1.6285
1.50267
1.40185
1.43201
1.53984
1.60896
1.19315
1.12832
1.26069
1.08949
1.07055
1.29556
1.5241
1.32126
0.869918
1.0364
1.14901
1.58553
1.10718
1.37695
1.41758
1.12122
1.31626
0.992135
1.50174
1.37695
1.23658
1.38008
1.44788
1.15165
1.40162
1.38008
1.39947
1.52547
1.58289
0.988841
1.39343
1.41785
1.564
1.43344
1.52064
1.6461
1.55451
1.43597
1.61095
1.49961
1.15723
1.22101
1.05362
1.04486
1.44232
1.46538
1.16911
1.40993
1.18261
1.6088
1.4762
1.0482
1.26192
1.58792
1.5014
1.39117
1.12196
1.65766
1.30682
1.17518
1.19412
1.21848
1.53659
1.05957
1.29432
1.42992
1.42992
1.29093
0.991818
1.03009
1.39343
1.4271
1.38783
1.43526
1.58064
1.22261
1.25033
1.12305
1.324
1.64702
1.29894
1.29894
1.22806
1.50099
1.44033
1.49102
1.52182
1.55948
1.21792
1.38948
1.38948
1.38948
1.20358
1.5667
1.34072
1.58906
1.50773
1.23481
1.29755
1.43526
1.64692
1.20422
1.29322
1.25128
1.06654
1.36276
1.26313
1.52416
1.52416
1.52416
1.26661
1.39289
1.39289
1.39289
1.39235
1.16997
1.18443
1.2485
1.04692
1.44654
1.12474
1.17677
1.19996
1.19492
1.55399
0.983277
1.28223
1.14569
1.26439
1.34162
1.07508
1.00087
1.29034
1.45322
1.45322
1.45322
1.37908
1.57646
1.25046
1.07034
1.42733
1.09296
1.44321
1.55573
1.01806
1.51221
1.47
1.50888
1.32998
1.5615
1.54683
1.32222
1.54971
1.61278
1.61331
1.21099
1.27557
1.28485
1.09555
1.40337
1.36253
1.02352
1.28428
1.31052
1.33787
1.14099
1.39737
1.4788
1.12143
0.722367
1.61144
0.913626
1.40322
1.47578
1.25463
1.67314
1.3676
1.4387
1.22078
1.25463
1.66932
1.46866
1.22078
1.54675
1.62054
1.52692
1.39082
1.53798
1.58165
1.34584
1.52496
1.80133
1.71695
1.42095
1.4497
1.42411
1.24524
1.27645
1.33499
1.53638
1.11233
1.32552
1.56928
1.59274
1.18409
1.49516
1.62882
1.34365
1.29462
1.2361
1.65909
1.15736
1.11312
1.2852
1.58466
1.26005
1.51963
1.80719
1.43749
1.26731
1.49942
0.922795
1.4656
1.23028
1.31878
1.43286
1.35827
1.51634
1.63544
1.139
1.39107
1.57067
1.0716
1.11772
1.07004
1.08955
1.26297
1.2724
1.51737
0.80827
0.934122
1.24521
1.40566
1.11549
1.28466
1.11268
1.03091
1.30572
1.28317
1.2727
1.63953
1.56378
1.15735
1.20587
1.67072
1.32088
1.58633
1.45754
1.47159
1.47212
1.53238
1.53736
1.6066
1.61517
1.43652
1.42099
1.25175
1.17112
1.89389
1.48979
1.74276
1.33004
1.59655
1.11046
1.11046
1.35541
1.41122
1.19802
1.19802
1.6654
1.48435
1.51438
1.39831
1.25986
1.23598
1.07012
1.26668
1.18924
0.963972
1.42704
1.25205
1.14299
1.62385
1.64435
1.30654
1.58299
1.14846
1.5488
0.995207
1.3556
1.45909
1.63811
1.07564
1.21571
1.02535
1.26892
1.09854
1.10659
0.931803
0.911861
1.48111
1.27665
1.38219
0.965545
0.846355
1.34215
1.185
0.862209
1.07494
1.03773
0.728193
1.14032
1.18911
1.16685
1.18911
1.16685
1.18979
1.16685
1.22905
1.41615
1.52578
1.3706
1.26488
1.17015
1.22536
1.4954
1.2031
1.1929
1.52568
1.52583
1.53618
1.38624
1.49636
1.53389
1.45021
1.53443
1.42105
1.56724
1.54776
1.49684
1.41393
1.53443
1.48634
1.57328
1.50558
1.41393
1.53443
1.44814
1.44418
1.65806
1.41393
1.57889
1.4121
1.27833
0.909701
1.12112
1.21674
0.991341
1.34246
1.37934
1.10888
1.4884
1.07665
1.28843
1.25634
1.33898
1.44609
1.27545
1.30342
1.08284
1.6088
1.40508
1.18613
1.00833
1.5892
1.60667
1.01355
1.35402
1.492
1.14712
1.19544
1.20591
1.61242
1.20158
1.39115
1.61242
1.50268
1.2741
1.39115
1.60277
1.51385
1.24328
1.06729
1.0487
1.45502
0.994322
0.918282
1.27038
1.3543
1.07607
1.10506
1.03062
1.1264
1.10616
1.08745
1.1176
1.21621
1.33416
1.35217
1.31565
1.0581
1.14718
0.844251
0.706483
0.74464
0.734589
0.62694
1.22469
1.31524
0.934668
0.976691
1.27056
1.26248
0.805508
1.26163
1.1405
1.36798
1.01533
1.14828
1.2513
1.22078
1.17498
1.78939
1.62727
1.5191
1.45327
1.46503
1.26849
1.14803
1.2574
1.32763
1.24683
1.36276
1.41643
1.46917
1.36053
1.27606
1.32923
1.34576
1.40317
1.50966
1.65471
1.19708
1.66514
1.55228
1.45327
1.37748
1.24599
1.18373
1.60114
1.5191
1.45327
1.37748
1.03872
0.99583
1.03864
1.30768
1.54645
1.42152
1.47225
1.59583
1.1467
1.27442
1.36135
1.35523
1.35395
1.82509
1.63972
1.2998
1.13817
1.38511
1.42335
1.32871
1.2401
1.11604
1.22317
1.075
1.20103
1.31942
1.21575
1.41379
1.20591
1.48169
1.48798
1.43941
1.42083
1.2521
1.4727
1.14439
1.0933
1.27332
1.08506
1.03254
1.36858
1.1176
1.03825
1.17227
1.5237
1.20405
1.24564
1.3827
1.39961
1.25546
1.14012
1.12431
1.10194
