1.05288
1.10237
1.68691
0.980417
1.0083
1.05288
0.98067
1.07977
1.38576
1.23344
1.00856
1.49271
1.32532
1.23344
1.02036
0.971096
1.1045
1.16965
1.34243
1.67238
1.21294
1.02694
1.35819
1.5181
1.04946
1.03081
1.72536
1.02528
1.39857
0.888716
1.71674
0.885559
0.958245
0.718805
1.31644
1.06242
1.47475
1.05221
1.00005
1.05371
0.980512
1.1366
1.47962
0.810587
1.30262
0.792798
1.27793
1.58063
1.78561
1.30262
0.792798
1.07367
1.51552
1.29717
1.38175
1.39845
1.42006
1.63335
1.29717
1.4193
1.39845
1.42006
1.63335
1.35283
1.17339
1.39745
1.52875
1.37429
1.32991
1.59378
1.48458
1.19478
1.11851
1.05524
1.44561
1.32878
1.34613
1.4459
1.46064
1.01881
1.03651
1.08851
1.45921
1.46064
1.10047
0.983617
1.03266
1.61578
1.14962
1.11543
1.89544
1.20558
1.38798
1.53203
1.06599
1.09301
1.24098
1.10365
1.38667
1.55138
1.57844
1.21159
1.85788
1.50869
1.1053
1.41483
1.38892
1.16107
1.16058
1.3963
1.1802
1.1802
0.994756
1.28931
1.44943
1.21008
1.03496
1.06728
0.981123
1.16908
1.13323
1.05245
1.00283
1.47302
1.47526
1.18439
1.11235
1.5229
1.0028
1.02533
1.1028
1.1028
1.26684
1.30169
1.34584
1.04153
1.01991
1.08082
1.12858
1.314
1.43612
1.4376
1.06472
1.06472
1.07148
1.05026
1.3537
0.858764
1.02736
1.7473
1.56655
1.61302
0.856856
0.993182
0.715636
1.22727
1.07362
1.40643
1.35464
1.26808
1.36615
1.26447
1.26447
1.26447
1.07936
0.865029
1.15487
0.93256
1.41188
0.942334
1.04359
1.51947
1.57771
1.39455
1.39455
1.44504
1.18653
1.6199
1.25776
1.15115
1.37684
1.12285
1.31234
1.28052
1.49976
1.30754
1.30754
1.30754
1.6097
1.54338
1.45364
1.45364
1.02204
1.0625
1.52479
1.52479
1.56469
1.29858
1.0655
1.06472
1.21655
1.0877
1.25632
1.07721
1.33031
1.40705
1.36467
1.10627
1.49511
1.53545
1.53545
1.1413
1.35392
1.33057
1.12912
1.12963
1.06478
1.0763
1.56203
1.346
1.51212
1.51217
1.22742
