1.31864
1.32682
1.41345
1.08343
1.51477
1.34213
1.31864
1.32682
1.23858
1.09168
1.41854
1.36884
0.93793
1.42831
1.22362
1.03246
1.13489
1.55117
1.30055
1.42607
1.06539
1.50605
1.35787
1.2583
0.978176
1.08943
1.18532
1.61698
1.07
1.5284
1.23829
1.20417
1.37743
1.36467
1.35259
1.40806
1.23829
1.51344
1.12905
1.35259
1.21665
1.43642
1.11251
1.28668
1.48296
0.943401
1.32682
1.12758
1.51477
1.42366
1.6093
1.25166
1.50553
1.40315
1.00808
1.58099
1.25166
1.34721
1.00808
1.17701
1.52976
1.33393
1.33057
1.43104
1.36607
1.05281
1.67531
1.47566
1.23157
1.1228
1.55874
1.14879
1.12163
1.40897
1.25729
1.34917
1.02404
1.00573
1.51459
1.25383
1.00765
1.22141
1.28522
0.997212
1.31118
1.35807
1.42261
0.97011
1.46667
1.19263
1.57254
1.17247
0.989146
1.2905
1.17061
1.15294
1.27104
1.35237
1.597
1.2905
1.17096
1.15294
1.27104
1.35237
1.4529
1.2905
1.28925
1.08118
1.33921
1.41421
0.918557
1.3942
1.35572
1.15294
1.38966
1.35704
1.23962
1.24432
1.4803
1.58959
1.37312
1.26791
1.28264
1.63623
1.35697
1.38394
1.4825
1.27118
1.26347
1.48206
1.34421
1.26452
1.2738
1.12671
1.57313
1.21617
1.21149
1.18806
1.45172
1.04367
1.07956
1.22759
1.30472
1.1444
1.27104
1.35237
1.597
1.62166
1.48825
1.59819
1.30265
1.41795
1.03683
1.57604
1.59819
1.30265
1.41795
1.28985
1.56862
1.60024
1.30265
1.38512
1.3823
1.16
1.38247
1.31318
1.37351
1.46063
1.40331
1.44421
1.25362
1.41405
1.1151
1.49065
1.37444
1.6207
1.25555
1.32763
1.42793
1.51112
1.37777
1.29561
1.37139
1.53672
1.82937
1.53285
0.878275
1.25179
1.34693
1.54874
1.28351
1.612
1.30265
1.41795
1.32434
1.43746
1.47372
1.45147
1.19853
1.19853
1.39315
1.25452
1.25452
1.43131
1.21955
1.36527
1.72598
1.53184
1.25408
1.53937
1.51285
1.53567
1.10239
1.43895
1.45894
0.93067
0.926382
1.16663
1.16427
1.22995
1.22995
1.22747
1.18256
1.17814
1.08315
1.07635
1.1294
1.13654
1.15801
1.15801
1.15801
1.07545
1.43142
1.02654
1.15571
1.19387
1.19387
1.20389
1.15045
1.15031
1.15987
1.48026
1.15045
1.35572
1.39433
1.32929
1.81107
1.39714
0.891418
0.908233
1.24049
1.41224
1.47186
1.39556
0.948328
1.21377
1.18845
1.19223
1.66269
1.52935
1.57441
1.23469
1.08606
1.05467
1.16782
1.34104
1.34104
1.34104
1.47792
0.975262
1.40126
1.50618
1.50826
1.35798
1.28927
1.32327
1.33412
1.13911
1.41763
1.05612
1.44704
1.3313
1.3466
1.35289
1.53387
1.04688
1.04688
1.06368
1.23469
1.36269
1.31102
1.31102
1.11095
1.25186
1.25186
1.33493
1.38928
1.12744
1.26218
1.39745
1.62231
1.30098
1.30098
1.30098
1.28361
1.28442
1.35971
1.31077
1.30098
1.15272
1.15272
1.15272
1.15272
0.890893
1.29823
1.6352
1.56272
1.44567
1.15079
1.40009
1.41648
1.40009
1.52289
1.37832
1.36462
1.30864
1.22359
1.17992
1.41648
1.54243
1.54243
1.54243
1.67374
1.74468
1.40544
1.35075
1.18997
1.17365
1.54243
1.60519
1.60519
1.632
1.45456
1.41657
1.4321
1.11957
1.21743
1.22759
1.60519
1.12143
1.01196
1.38648
1.43402
1.49152
1.41577
1.53699
1.35214
1.32025
1.13898
1.59343
1.69404
1.64769
1.27424
1.27066
1.36582
1.20716
1.21566
1.54971
1.31527
1.34455
1.40631
1.46131
1.54316
1.25298
1.6285
1.6285
1.59894
1.54717
1.56862
1.53949
1.61203
1.29993
1.30265
1.30265
1.3796
1.4682
1.50174
1.30099
1.3733
1.3733
1.38259
1.37787
1.06019
1.14273
1.21201
1.87645
1.38512
