1.07482
1.16516
1.07634
1.14457
1.14905
1.0293
1.05718
1.14099
1.14748
1.147
1.05784
1.27851
1.39256
1.15053
1.14748
1.147
1.47693
1.17655
1.13356
1.14846
1.07618
1.36678
1.41166
1.21934
1.18694
1.03618
1.45969
1.62002
1.21934
1.14445
0.992564
1.45969
0.986564
1.17192
0.991466
1.67204
1.62104
1.62023
1.02737
1.16541
0.971188
1.47753
1.58019
0.996818
1.3982
1.50784
1.48359
1.11292
1.72878
0.931066
1.26519
1.41207
1.49298
1.26155
0.837624
1.42982
1.42084
1.43098
1.66803
1.41052
1.14089
1.47343
1.57401
1.21819
1.398
1.57797
1.46836
1.45576
1.31746
1.398
1.55451
1.45576
1.31746
1.398
1.48631
1.03601
1.30567
1.398
1.4995
1.37102
1.25969
1.27846
1.26902
1.60584
1.46133
1.48654
1.16092
1.15935
1.13027
1.3308
1.12983
1.16911
1.34344
1.43153
1.41767
1.35897
1.14004
1.06665
1.43153
1.41767
1.46821
1.18146
1.42005
1.33491
1.28559
1.21983
1.46433
1.33547
1.06938
1.64437
1.38667
1.35404
1.02192
1.51459
1.47458
1.40227
1.41415
1.39454
1.39063
1.52635
1.12052
1.30178
1.48925
1.10931
1.38226
1.32445
1.32674
1.30971
1.18713
0.941077
1.27413
1.32674
1.3417
1.29995
1.25822
0.929998
1.35173
1.34202
1.31221
1.02985
0.990444
1.30704
1.24662
1.36852
1.21857
1.3763
1.43952
1.12121
1.48758
1.32641
1.23986
1.32351
1.4889
1.32377
1.48601
1.25754
1.26586
1.35022
1.39369
1.59267
1.51841
1.40449
1.37649
1.3726
1.25148
1.22432
1.31127
1.58689
1.41032
1.19063
1.02129
1.12802
1.08284
1.53533
1.06762
0.924853
1.13638
1.13463
1.10749
1.17579
1.36623
1.36623
1.42669
1.12269
1.10642
1.36359
0.973089
0.973089
1.05661
1.11887
1.08652
1.62144
1.45467
1.53975
1.08114
1.08114
1.17544
1.33921
1.14577
1.07159
1.07159
1.09831
1.04261
1.51953
1.60548
1.40214
1.37157
1.28869
1.40697
1.40129
1.26398
1.23047
0.893199
1.23451
1.57655
1.56895
1.56895
1.37679
1.47028
1.50013
1.41024
1.39762
1.54939
1.30178
1.00463
1.00845
1.04063
1.21149
1.43877
1.254
1.254
1.38103
1.398
1.38186
1.38186
1.38978
1.65223
1.08691
1.19794
1.13029
1.48174
1.50308
1.58266
1.32205
1.4562
1.30547
1.19392
1.12034
1.04532
1.23526
1.45707
1.47355
1.13708
1.159
1.70965
1.24226
1.24226
1.17491
1.56378
1.33591
1.238
1.42841
1.09567
1.2511
1.41719
1.39005
1.39005
1.18692
1.4789
1.4228
1.42344
0.946853
1.45204
1.45204
1.45204
1.3236
1.46566
1.27932
1.3468
1.14358
1.53068
1.39174
1.43742
1.42118
1.44506
1.38854
1.26638
1.26638
1.26638
1.26642
1.31643
1.393
1.69306
1.23318
1.46873
1.46873
1.14711
1.00312
1.10661
1.52143
1.13296
1.35185
1.42694
1.32886
1.32886
1.60229
1.43412
1.46219
1.23697
1.01897
1.50564
1.60013
1.60212
1.39219
1.36886
1.38398
1.70753
1.50566
1.52701
1.38903
