1.49083
1.10594
0.799309
1.27024
1.3904
1.31186
0.751626
1.41155
1.2483
1.26859
0.94294
1.14528
1.18436
1.32628
1.29672
0.817268
1.42945
1.23301
0.971003
0.847191
1.13389
1.13474
1.02692
1.29585
1.31066
1.13669
1.13474
1.20813
1.24826
1.2304
1.47153
1.28527
1.28742
1.35217
1.2099
1.22732
1.09005
1.03469
1.53341
1.29333
1.01896
1.06614
0.966273
1.4313
1.42529
1.58776
1.28838
1.57301
1.04653
1.508
1.23295
1.55048
1.09064
1.09772
1.50157
1.5766
1.58441
1.21496
1.64643
1.34387
1.40617
1.28054
1.29985
1.21722
1.41
1.32925
1.41238
1.32857
1.35503
1.42887
1.3123
0.94294
1.37231
1.472
1.3796
1.2483
1.21123
1.32266
1.10594
0.7585
1.32055
1.15946
0.801959
0.751626
1.6381
0.971003
0.810827
1.43978
1.31312
1.3184
0.781813
1.265
1.56338
0.977671
0.811552
1.09575
1.21702
1.42715
1.09476
1.12738
1.13284
1.28958
1.5078
1.52156
1.31066
1.28527
1.26851
1.19881
1.25208
1.24506
1.06021
1.09575
1.22323
1.20952
1.07146
1.36265
1.1226
1.51259
1.55946
1.17171
1.11835
1.09785
1.33096
1.56442
1.14276
1.26408
1.21146
1.20797
1.29499
1.48151
1.28533
1.64643
1.28531
1.19241
1.5964
1.37908
1.41905
1.5863
1.21249
1.30925
1.25164
1.33397
1.49551
