1.02985
1.24374
1.19446
1.19641
1.09383
1.08887
1.03411
1.09903
1.18841
1.19641
1.09383
1.08887
1.04975
1.36418
1.19641
1.09383
1.04139
1.45687
1.19436
1.08057
1.09348
1.01007
1.41375
1.362
1.44704
0.992957
1.13696
1.54572
1.49546
0.917796
1.29301
1.41849
1.36134
1.00463
1.24193
1.05805
1.08768
1.01492
1.55721
1.13258
1.0472
1.5184
0.986505
1.67034
1.47312
1.43187
1.50532
1.47191
1.67348
1.47388
1.22469
1.1524
1.26509
1.23853
1.24541
1.25503
1.54025
0.935949
1.12667
1.40107
1.04812
1.43535
1.44836
1.35971
1.32008
1.35774
1.20918
1.11932
1.37049
1.51186
1.32008
1.27881
1.09059
1.43054
1.4791
1.37499
1.29144
1.29339
1.30442
1.45199
1.48498
1.39649
1.41188
1.71424
1.36789
1.39718
1.32823
1.63752
1.55694
1.2211
1.14166
1.02192
1.06384
1.4646
1.55694
1.42386
1.12935
1.02843
1.06253
1.40107
1.04812
1.43535
1.44836
1.22618
1.31252
1.30928
1.49068
1.42705
1.47279
1.43731
1.17753
1.53768
1.461
1.25037
1.60169
1.46726
1.49494
1.4365
1.2595
1.11625
1.13223
1.08294
1.48436
1.62898
1.5171
1.5421
1.42935
1.26175
1.64716
1.47803
1.36527
1.30234
1.38172
1.18875
1.42705
1.04033
1.05608
1.09493
1.26759
1.52092
0.952076
1.02694
1.04453
1.20864
1.01616
1.37998
1.11804
1.062
1.20864
1.19446
1.19446
1.19446
1.39839
1.30808
1.19446
1.29316
1.29316
1.29615
1.29615
1.28366
1.07518
1.09383
1.09383
1.09981
1.08224
1.44414
1.09383
1.08887
1.08887
1.10429
1.09191
1.08887
1.21886
1.26997
1.51374
1.06647
1.07809
1.06079
1.35894
1.53162
1.29948
0.945789
1.32251
1.41688
1.26597
0.989417
1.27445
1.44352
1.44352
1.44352
1.5147
1.32614
1.19257
1.50004
1.18133
1.44005
1.42453
1.17767
1.28701
1.32969
1.29061
1.26228
1.46427
1.63018
1.33186
1.14926
1.14926
1.14926
1.15221
1.60062
1.58772
1.46505
1.51306
1.04183
1.11717
1.1109
1.48981
1.39314
1.45016
1.11717
1.23942
1.50569
1.35926
1.24129
1.46305
1.23223
1.43709
1.50487
1.37705
1.13049
1.68167
1.26421
1.33402
1.46289
1.46289
1.36997
1.36997
1.3441
1.79904
1.14758
1.03514
1.31432
1.33512
1.46897
1.64448
1.59125
1.33512
1.33602
1.19036
1.4395
1.13201
1.59798
1.22635
1.27642
1.16181
1.44692
1.63769
1.50619
1.16803
1.47071
1.49767
1.21347
1.45352
1.86609
1.36475
1.53976
1.80263
