1.21571
1.02535
1.26892
1.09854
0.931803
0.911861
1.48111
1.27665
1.38219
0.965545
0.846355
1.34215
1.185
0.862209
1.07494
1.03773
0.728193
1.14032
1.18911
1.16685
1.18911
1.16685
1.18979
1.16685
1.22905
1.41615
1.52578
1.3706
1.26488
1.17015
1.22536
1.4954
1.2031
1.1929
1.52568
1.52583
1.53618
1.38624
1.49636
1.53389
1.45021
1.53443
1.42105
1.56724
1.54776
1.49684
1.41393
1.53443
1.48634
1.57328
1.50558
1.41393
1.53443
1.44814
1.44418
1.65806
1.41393
1.57889
1.33246
1.4121
1.27833
0.909701
1.12112
1.21674
0.991341
1.34246
1.37934
1.10888
1.4884
1.07665
1.28843
1.25634
1.52417
1.44609
1.27545
1.30342
1.52417
1.6088
1.50952
1.40508
1.18613
1.00833
1.5892
1.01355
1.35402
1.492
1.14712
1.19544
1.20591
1.61242
1.39115
1.61242
1.50268
1.2741
1.39115
1.60277
1.51385
1.24328
1.06729
1.0487
1.45502
0.994322
0.918282
1.27038
1.3543
1.07607
1.10506
1.03062
1.1264
1.10616
1.09394
1.08745
1.1176
1.21621
1.33416
1.35217
1.31565
1.0581
1.14718
0.844251
0.706483
0.74464
0.734589
0.62694
1.31524
0.934668
0.976691
1.27056
1.26248
1.26163
1.1405
1.36798
1.01533
1.14828
1.22078
1.17498
1.78939
1.62727
1.5191
1.45327
1.46503
1.72884
1.26849
1.14803
1.2574
1.32763
1.24683
1.36276
1.41643
1.46917
1.36053
1.27606
1.32923
1.40317
1.50966
1.65471
1.19708
1.66514
1.55228
1.45327
1.37748
1.24599
1.18373
1.60114
1.5191
1.45327
1.37748
1.03872
0.99583
1.03864
1.30768
1.42152
1.47225
1.59583
1.1467
1.27442
1.36135
1.35523
1.52429
1.52429
1.35395
1.82509
1.63972
1.2998
1.13817
1.38511
1.42335
1.32871
1.2401
1.11604
1.22317
1.075
1.20103
1.31942
1.00919
1.21575
1.41379
1.20591
1.48169
1.48798
1.43941
1.42083
1.2521
1.4727
1.14439
1.0933
1.27332
1.08506
1.03254
0.920358
1.36858
1.1176
1.03825
1.17227
1.5237
1.20405
1.24564
1.3827
1.39961
1.37255
1.25546
1.14012
1.41301
1.12431
1.10194
