1.21099
1.28485
1.09555
1.40337
1.36253
1.3725
1.02352
1.28784
1.59579
1.48078
1.31052
1.33787
1.14099
1.1232
1.22442
1.12143
1.36711
0.722367
1.61144
0.913626
1.35871
1.47194
1.40322
1.34729
1.52332
1.47578
1.37444
1.25463
1.29677
1.67314
1.3676
1.4387
1.22078
1.25463
1.18185
1.66932
1.46866
1.22078
1.62054
1.24764
1.45983
1.44374
1.52692
1.23987
1.38754
1.53798
1.40992
1.52496
1.80133
1.71695
1.29112
1.57191
1.42095
1.42411
1.3541
1.37214
1.25531
1.20848
1.33499
1.53638
1.11233
1.11031
1.32552
1.56928
1.59274
1.18409
1.49516
1.34365
1.29462
1.2361
1.54281
1.15736
1.11312
1.5448
1.2852
1.51963
1.80719
1.43749
1.26731
1.33096
1.35306
1.44241
1.49942
0.922795
1.70359
1.4656
1.45086
1.55439
1.23028
1.45567
1.25407
1.29269
1.46035
1.64552
1.28742
1.19186
1.33262
1.28953
1.68608
1.35827
1.34357
1.27666
1.44438
1.01284
1.83935
1.51634
1.43032
1.63544
1.62404
1.139
1.39107
1.58515
1.39848
1.26851
1.57067
1.14573
1.0716
1.11772
1.07004
1.08955
1.22519
1.26297
1.2724
1.30327
1.53977
1.21828
1.51737
1.41165
0.80827
1.28669
0.934122
1.24521
1.26078
1.22818
0.980307
1.40566
1.11549
1.27382
1.28466
1.11268
1.03091
1.07837
1.28317
1.2727
1.56378
1.22095
1.20521
1.19072
1.67072
1.31604
1.62932
1.32088
1.58633
1.17011
1.29363
1.45754
1.55605
1.47159
1.41947
1.53238
1.09976
1.6066
1.61517
1.43652
1.27718
1.25175
1.17112
1.89389
1.48979
1.74276
1.25635
1.27687
1.59655
1.11046
1.11046
1.35541
1.41122
1.39573
1.19802
1.19802
1.6654
1.67811
1.33283
1.18671
1.48435
1.51438
1.41477
0.863514
1.39831
1.25986
1.23598
1.07012
1.26668
1.18924
1.61289
1.278
1.42704
1.25205
1.30654
1.40936
1.29733
1.58299
1.11106
1.76282
1.14846
1.56902
1.41856
1.41856
1.30977
1.48464
1.5488
1.09001
1.37026
1.3556
1.65793
1.43513
1.22818
1.25453
1.25453
1.49008
1.45909
1.76439
1.09028
1.0518
1.63811
1.45954
1.77953
1.26507
1.00137
1.45972
1.45972
