1.38971
1.40718
0.951679
0.991071
0.964533
1.33066
1.40596
1.42664
1.08858
0.951562
1.35457
1.32373
0.892922
1.01625
1.49513
0.974163
0.90102
1.32917
1.32162
1.42068
1.44031
1.37966
1.32917
1.32659
1.47669
1.38301
1.32659
1.32659
1.15906
1.48904
1.43414
1.15026
1.15906
1.15906
1.13297
0.852098
1.18541
1.31796
0.922563
1.15914
1.41289
1.43308
1.39196
0.893982
1.41289
1.48901
0.922418
1.47266
1.24389
1.47482
1.43865
1.43865
1.38726
1.43831
1.47354
1.36227
1.3344
1.27611
1.36227
1.36227
1.37541
1.17986
1.17177
1.37541
1.37541
1.38196
1.44395
1.37231
1.18105
1.4133
1.38196
1.41622
1.32197
1.53736
1.22291
1.41622
1.19368
1.24178
1.19368
1.49008
1.30245
1.45925
1.67855
1.47831
1.49984
1.4078
1.38773
1.31705
1.09695
1.16864
1.47997
1.59727
1.18568
1.49684
1.47997
1.4603
1.3997
0.907171
1.45117
1.45117
1.41254
1.18262
1.50882
0.922135
1.55456
1.47158
0.873469
1.25218
1.32675
1.52807
1.22777
1.46466
1.1574
1.46894
1.22728
1.38278
1.3645
0.94597
1.32917
1.2824
1.11699
1.3787
1.37053
1.32162
1.23077
1.46561
0.899053
1.08898
0.91316
1.37984
1.44208
1.25825
0.991071
0.97236
1.38127
1.47918
1.17043
0.964533
1.37918
0.977237
1.37966
1.2824
1.11699
1.33066
1.3645
0.954009
1.32917
1.2824
1.11699
1.13303
1.4125
1.47482
1.46249
1.35922
1.39243
0.898577
1.43185
0.922418
1.46249
1.3344
1.24383
1.23931
1.42916
1.34944
1.243
1.29523
1.28863
1.4368
1.18227
1.28468
0.921142
0.916852
1.37231
1.35922
1.39243
1.09878
1.4078
1.45435
1.52299
1.35922
1.39243
1.47129
1.35709
1.23742
1.45848
1.28236
1.38932
1.55822
1.56116
1.33839
1.32934
1.45826
1.37563
1.19824
1.3009
1.42658
1.18236
1.47129
1.25592
1.26408
1.48637
1.06796
1.47129
1.35847
1.23742
1.48721
1.46349
1.30791
0.875055
1.21166
1.35002
1.60428
1.31873
1.35019
1.31256
1.46584
1.54294
1.50255
1.44708
1.19789
1.26845
1.16434
1.48401
1.44942
1.05444
1.15365
1.3749
1.48721
1.44942
1.31027
0.972395
1.35002
