1.0876
1.24158
1.06628
1.08336
0.960068
1.0876
1.12322
1.06537
1.08336
1.52926
1.49222
1.22392
1.34803
1.14218
1.1676
1.05943
1.36985
1.137
1.02383
1.0289
1.25899
1.06329
1.47659
1.60013
1.46001
1.3057
1.40555
1.50122
1.3057
1.40555
1.50122
1.08938
1.50789
1.23636
1.26263
1.34661
1.20296
0.963212
1.34957
1.48375
1.06598
1.01839
1.20296
0.926154
1.28396
1.48375
1.09632
1.00129
1.12683
1.51754
1.46133
1.42722
1.66888
0.98108
1.33385
1.0002
1.15657
1.14349
1.47276
1.43532
1.10604
1.22003
1.23713
1.14349
1.47276
1.21161
1.10604
1.21981
1.11466
1.1845
1.47276
1.16072
1.10604
1.22003
1.11538
1.15439
1.21027
1.32049
1.11498
1.37193
1.41352
1.3212
1.31217
1.46921
1.33056
1.27901
1.27683
1.46921
1.27613
1.27806
1.47966
1.5159
1.27976
1.23533
1.25776
1.5183
1.27465
1.24262
1.40011
1.49625
1.27025
1.26075
1.18637
1.62278
1.29814
1.20253
1.30895
1.6402
1.73161
1.25882
1.66839
1.6976
1.73161
1.68523
1.54221
1.17214
1.41625
1.46389
1.52603
1.54221
1.56322
1.40817
1.44932
1.46389
1.55364
1.54221
1.28384
1.44932
1.46389
1.68704
1.31965
1.438
1.30378
1.32052
1.17984
1.44539
1.42624
1.22208
1.52463
1.46348
1.5374
1.63885
1.64295
1.5613
1.11946
1.11946
1.41035
1.32773
1.64219
1.16318
1.20859
1.05038
1.13332
1.65976
1.50138
1.053
1.60596
1.47992
1.30222
1.39518
1.41559
1.1545
1.19446
1.52264
1.22206
1.22726
1.44251
1.12705
1.12705
1.12237
1.28522
1.33067
1.15162
1.60015
1.16757
1.11253
1.32891
1.64061
1.62827
1.29891
1.44222
1.46711
1.47855
1.73257
1.19446
1.19446
1.19446
1.55652
1.48047
1.49323
1.59594
1.12972
1.40908
1.08913
1.57187
1.59485
1.22021
1.22021
1.14692
1.51285
1.49948
1.3693
1.86293
1.2212
1.50122
1.50122
1.13518
1.22076
1.2156
1.31946
1.05784
1.14184
1.14184
1.46822
1.07591
0.984623
1.06673
1.07843
1.19825
1.20739
1.28988
1.28399
1.28399
1.30187
1.22437
1.05479
1.23251
1.30168
1.36473
1.57314
1.24692
1.62618
1.5982
1.25058
1.25487
1.38495
1.38676
1.40976
1.3783
1.08834
1.43644
1.39386
1.23047
1.36513
1.0505
1.24229
1.63961
1.47508
1.21966
1.25926
1.42809
1.61213
1.72929
1.53937
1.53937
1.53937
1.60462
1.19878
1.34635
1.11237
1.68437
1.67445
1.457
1.4307
1.53067
1.55312
1.70655
1.71663
1.23319
1.62742
1.41101
1.46389
1.63346
1.38186
1.39315
1.18306
1.64205
1.54581
1.6542
1.42225
1.57106
