0.781754
1.11507
0.950034
0.898757
1.36926
1.20146
0.856649
1.18228
1.25455
1.02406
1.31713
1.12142
1.19949
1.27965
1.33974
1.02939
1.14547
1.30654
1.32729
0.860231
1.05551
1.50748
1.11195
1.32832
1.32832
0.939601
1.37174
0.982785
1.2248
0.98629
1.04479
1.39325
0.917555
1.18469
1.1971
1.2621
1.45824
0.84041
1.2002
1.32348
1.32389
0.964168
1.31377
1.32483
1.47243
1.34922
1.26319
1.17919
1.30507
1.41766
1.06267
1.49123
1.41572
1.48238
1.26119
1.31987
1.42213
1.28654
1.3093
1.40599
1.32325
1.40614
1.38552
1.2644
1.39194
1.33139
1.39497
0.916841
1.02848
1.49272
1.41815
1.3975
1.58527
1.43299
1.27436
0.741954
1.24808
1.28633
1.15211
0.993197
1.02496
1.19071
1.24669
0.797726
1.35335
1.11042
0.976562
0.869187
1.27306
0.949487
0.827156
1.37882
1.21153
0.9365
0.869187
1.13155
1.0555
0.976902
1.39588
0.843051
0.968634
1.33547
0.906226
1.00206
1.40078
1.10504
1.27897
1.32968
1.40078
0.912672
1.19399
1.55443
1.50438
0.957818
1.28618
1.29278
1.55285
1.07617
1.33609
1.31985
1.40024
1.35816
1.02385
1.06623
1.40929
1.47418
1.37147
1.27079
1.07914
1.39501
1.54881
1.18846
1.07914
1.39501
1.51409
1.31671
1.38213
1.47425
0.868116
1.55092
1.39938
1.32706
0.97441
1.2638
1.59518
1.0726
1.45273
1.32941
