1.12188
1.11776
1.23128
1.12188
1.11887
1.44578
1.13532
1.40562
1.25841
1.23658
1.1836
1.67559
1.34175
1.29256
1.34511
1.35235
1.41973
1.19802
1.43469
1.43031
1.11619
1.11298
1.35919
1.14765
1.01031
1.30718
1.51338
1.14799
1.10947
1.30718
1.40747
1.39608
1.29046
1.01822
1.20243
1.26997
1.46154
1.38525
1.29046
0.951009
1.45722
1.29046
1.35723
1.4902
1.35052
1.2993
1.42159
1.29649
1.19326
1.34376
1.2463
1.25389
1.35863
1.36576
1.23923
1.34999
1.27762
1.23923
1.45935
1.29213
1.23923
1.42107
1.368
1.36612
1.14819
1.46795
1.19926
1.36612
1.16618
1.4713
1.19926
1.36888
1.32227
1.34145
1.22894
1.2811
1.1374
1.29749
1.62827
1.43104
1.48623
1.40479
1.29121
1.15846
1.63226
1.44399
1.38989
1.1374
1.59017
1.63813
1.23029
1.17284
1.22779
1.33518
1.41015
1.1195
1.23029
1.52126
1.20223
1.12021
1.21272
1.21863
1.31937
1.2004
1.41494
1.27488
1.53631
1.36295
1.39714
1.44815
1.36295
1.42429
0.975592
1.61965
1.47749
1.46877
1.47463
1.47463
1.37227
1.15968
1.44935
1.13101
1.16713
1.14582
1.12253
1.50439
1.17701
1.17701
1.15966
1.07529
1.02882
1.10089
1.25696
1.2529
1.26739
1.32478
1.20831
1.20722
1.41686
1.52333
1.25395
1.25632
1.31859
1.32139
1.1763
1.38189
1.18338
1.17365
1.36158
1.20438
1.51007
1.29456
1.29456
1.29456
1.47508
1.47508
1.57717
1.2785
1.28745
1.29124
1.45347
1.38927
1.41952
1.43087
1.23036
1.38678
1.60442
1.50927
0.990711
0.994702
0.976797
1.39376
1.39376
1.65492
1.31888
1.49152
0.926959
0.923006
0.919866
1.48383
1.48383
1.02001
1.40501
1.32196
1.00365
1.1509
1.35223
1.06075
1.36342
1.41625
1.28041
1.36917
1.15044
1.13987
1.13201
1.13594
1.14708
1.11909
1.20686
0.988586
1.67674
1.67159
1.60276
1.50176
1.57376
1.57376
1.35749
1.50073
1.49917
1.33857
1.45564
1.4267
1.6152
1.33514
1.37676
1.53871
1.47191
1.03224
1.12163
1.59462
1.12819
1.32183
1.16258
1.1243
1.62069
1.61653
1.45044
1.45565
0.969772
1.28391
1.26328
1.24477
1.36418
1.47767
1.03989
1.03989
1.41052
1.62874
1.6589
1.59763
1.41763
1.44299
1.39718
1.41312
1.18365
1.58216
1.17461
1.14446
1.10746
1.35897
1.12766
1.12824
1.10753
1.11455
1.41954
1.12824
1.10753
1.43185
1.11248
1.08522
1.10753
1.39467
1.68266
1.47919
1.1064
1.0246
1.02089
1.63117
1.11191
1.53129
1.48679
1.29411
1.21748
1.17848
1.78106
1.76631
1.27803
1.20414
1.28354
1.63758
1.36144
1.27803
1.4486
1.31101
1.44767
1.31915
1.27086
1.27838
1.37194
1.27362
1.325
1.34374
1.32293
1.47276
1.01503
1.48807
1.04065
1.62283
1.82589
1.0605
1.53184
1.3019
1.21351
1.01282
1.53611
1.86417
1.16831
1.16131
1.39955
0.898711
1.1778
1.96748
1.36615
1.11732
1.39955
1.53973
1.0913
1.37117
1.11732
1.39955
1.0913
1.46034
1.37117
1.0973
1.39955
1.26704
1.8248
1.5394
0.966868
1.73988
1.5396
1.54472
1.41637
1.32681
1.40096
1.38132
1.29633
1.54472
1.44772
1.32681
1.40096
1.33042
1.31714
1.37057
1.21421
1.32681
1.41632
1.34322
1.26497
1.33716
1.58492
1.30198
1.33199
1.39544
1.61324
1.15515
1.42585
1.77735
1.35623
1.87621
1.6518
1.61599
1.00414
1.10058
1.15229
1.77244
1.38161
1.22872
1.0174
1.03303
1.52255
1.21177
1.58478
1.28788
1.3653
1.2402
1.59398
1.02047
1.5204
1.2375
1.25732
1.62428
1.56836
1.65697
1.4337
1.49899
1.12878
1.2428
1.54193
1.26605
1.67908
1.71445
1.55841
1.52758
1.37335
1.24597
1.35592
1.58476
1.06205
1.08336
1.45019
1.4185
1.456
1.52751
1.19515
1.35687
1.30077
1.44052
1.08861
1.12737
1.73097
1.38425
1.47769
1.57932
1.38453
1.73097
1.48965
1.45336
1.36743
1.39033
1.46725
1.53678
1.48209
1.3004
1.59797
1.19522
1.19522
1.11474
1.20175
1.62828
1.53678
1.31408
1.13958
1.13774
1.28408
1.44626
1.52298
1.45238
1.5701
1.5916
1.59231
1.50676
1.45693
1.56633
1.56633
1.56633
1.07106
1.10407
1.20364
1.55706
1.45646
1.50662
1.47469
1.25753
1.08185
1.08185
1.0722
1.53643
1.69371
1.88887
1.98352
1.03589
1.04
1.04
1.47437
1.66413
1.66413
1.03105
1.07372
1.94618
1.10071
1.29982
1.57808
1.09032
1.27007
1.58183
1.57539
1.57539
1.36359
1.38228
1.31081
1.44848
1.39063
1.38133
1.61846
1.44362
1.62245
1.42103
1.29251
1.37512
1.26932
1.29154
1.30977
1.55355
1.87383
1.72994
1.46897
1.50128
1.50128
1.53566
1.39616
1.06047
1.16345
1.52081
1.48818
1.44892
1.11157
1.04026
1.36015
1.39136
1.39052
1.13686
1.73112
1.14946
0.998229
1.39678
1.62669
1.66547
1.67334
1.76226
1.63138
1.53615
1.53638
1.56652
1.44257
1.15971
1.55672
1.55672
1.49145
1.66413
0.991682
0.991682
1.5814
1.24041
1.17557
1.48501
1.53757
1.47665
1.72483
1.19522
1.529
1.56279
1.29962
1.25991
1.74567
1.68694
1.65352
1.42743
1.05288
1.10237
1.68691
0.980417
1.0083
1.04227
1.05288
0.98067
1.37912
0.989633
1.00333
1.04227
1.07977
1.38576
1.23344
0.989633
1.00856
1.12424
1.49271
1.32532
1.23344
1.02036
0.971096
1.1045
1.47501
1.16965
1.67238
1.21294
1.02694
1.35819
1.5181
1.04946
1.72536
1.02528
1.39857
0.888716
1.28388
1.71674
0.885559
1.28388
1.34914
0.958245
0.718805
1.31644
1.06242
1.47475
1.05221
1.00005
1.05371
0.980512
1.36413
1.1366
1.47962
0.899137
0.810587
1.22499
1.30262
0.792798
1.58063
1.78561
1.22499
1.30262
0.792798
1.07367
1.51552
1.29717
1.38175
1.39845
1.42006
1.63335
1.29717
1.4193
1.39845
1.42006
1.63335
1.35283
1.17339
1.39745
1.52875
1.37429
1.32991
1.59378
1.48458
1.19478
1.11851
1.46433
1.47221
1.05524
1.6559
1.44561
1.32878
1.34613
1.4459
1.46064
1.01881
1.03651
1.08851
1.46064
1.10047
0.983617
1.03266
1.3473
1.14962
1.11543
1.20558
1.38798
1.53203
1.09301
1.24098
1.10365
1.38667
1.57844
1.21159
1.02544
1.85788
1.50869
1.32271
1.1053
1.41612
1.41483
1.38892
1.16107
1.51244
1.16058
1.51244
1.3963
1.1802
1.1802
0.994756
1.28931
1.44943
1.21008
1.03496
1.06728
0.981123
1.16908
1.13323
1.05245
1.47302
1.47526
1.18439
1.11235
1.35938
1.5229
1.0028
1.02533
1.1028
1.1028
1.26684
1.2581
1.34584
1.04153
1.01991
1.08082
1.12858
1.314
1.06472
1.06472
1.07148
1.05026
1.3537
0.858764
1.02736
1.7473
1.56655
1.61302
0.856856
0.993182
0.715636
1.22727
1.07362
1.40643
1.35464
1.26808
1.36615
0.891802
1.26447
1.26447
1.26447
1.07936
0.865029
1.15487
0.93256
1.41188
0.942334
1.04359
0.952852
1.57771
1.39455
1.39455
1.44504
1.18653
1.25776
1.40296
1.37684
1.12285
1.31234
1.28052
1.49976
1.30754
1.30754
1.30754
1.54338
1.44826
1.45364
1.45364
1.50791
1.39401
1.02204
1.0625
1.52479
1.52479
1.56469
1.45678
1.29858
1.0655
1.06472
1.65385
1.0877
1.25632
1.05802
1.07721
1.33031
1.40705
1.39746
1.36467
1.10627
1.49511
1.53545
1.53545
1.1413
1.35392
1.33057
1.12912
1.12963
1.06478
1.0763
1.56203
1.346
1.51212
1.36143
1.51217
1.22742
1.31864
1.32682
1.41345
1.08343
1.51477
1.34213
1.31864
1.32682
1.23858
1.09168
1.41854
1.36884
0.93793
1.42831
1.22362
1.03246
1.13489
1.30055
1.42607
1.06539
1.50605
1.35787
1.2583
0.978176
1.08943
1.61698
1.07
1.5284
1.23829
1.20417
1.37743
1.36467
1.35259
1.40806
1.23829
1.51344
1.12905
1.35259
1.21665
1.43642
1.11251
1.28668
1.48296
0.943401
1.32682
1.12758
1.51477
1.42366
1.6093
1.25166
1.50553
1.40315
1.00808
1.58099
1.25166
1.34721
1.00808
1.17701
1.52976
1.33393
1.33057
1.43104
1.36607
1.05281
1.67531
1.47566
1.23157
1.1228
1.55874
1.14879
1.12163
1.40897
1.25729
1.34917
1.02404
1.00573
1.51459
1.25383
1.00765
1.22141
1.28522
0.997212
1.31118
1.35807
1.42261
0.97011
1.46667
1.19263
1.57254
1.17247
0.989146
1.2905
1.17061
1.15294
1.27104
1.35237
1.597
1.2905
1.17096
1.15294
1.27104
1.35237
1.4529
1.2905
1.28925
1.08118
1.33921
1.41421
0.918557
1.3942
1.35572
1.15294
1.38966
1.35704
1.23962
1.24432
1.4803
1.58959
1.37312
1.26791
1.28264
1.63623
1.38394
1.4825
1.27118
1.26347
1.48206
1.34421
1.26452
1.2738
1.12671
1.57313
1.21617
1.21149
1.18806
1.45172
1.04367
1.07956
1.22759
1.30472
1.1444
1.27104
1.35237
1.597
1.62166
1.48825
1.59819
1.30265
1.41795
1.03683
1.57604
1.59819
1.30265
1.41795
1.28985
1.56862
1.60024
1.30265
1.38512
1.3823
1.16
1.38247
1.31318
1.37351
1.46063
1.44421
1.25362
1.41405
1.1151
1.49065
1.37444
1.6207
1.25555
1.32763
1.42793
1.51112
1.37777
1.29561
1.37139
1.53672
1.82937
1.53285
0.878275
1.25179
1.34693
1.54874
1.28351
1.612
1.30265
1.41795
1.32434
1.43746
1.47372
1.45147
1.19853
1.19853
1.39315
1.25452
1.25452
1.43131
1.21955
1.36527
1.72598
1.53184
1.25408
1.53937
1.51285
1.53567
1.43895
1.45894
0.93067
0.926382
1.16663
1.16427
1.22995
1.22995
1.22747
1.18256
1.17814
1.08315
1.07635
1.1294
1.13654
1.15801
1.15801
1.15801
1.07545
1.43142
1.02654
1.15571
1.19387
1.19387
1.20389
1.15045
1.15987
1.48026
1.15045
1.35572
1.39433
1.32929
1.81107
1.39714
0.891418
0.908233
1.24049
1.41224
1.47186
1.39556
0.948328
1.21377
1.18845
1.19223
1.66269
1.52935
1.57441
1.23469
1.08606
1.05467
1.16782
1.34104
1.34104
1.34104
1.47792
1.40126
1.50618
1.50826
1.35798
1.28927
1.32327
1.33412
1.13911
1.41763
1.05612
1.44704
1.3313
1.3466
1.35289
1.53387
1.04688
1.04688
1.06368
1.23469
1.36269
1.31102
1.31102
1.11095
1.25186
1.25186
1.33493
1.38928
1.12744
1.26218
1.39745
1.30098
1.30098
1.30098
1.28361
1.28442
1.35971
1.31077
1.30098
1.15272
1.15272
1.15272
1.15272
1.29823
1.6352
1.56272
1.44567
1.15079
1.40009
1.41648
1.40009
1.52289
1.37832
1.36462
1.22359
1.17992
1.41648
1.54243
1.54243
1.54243
1.67374
1.74468
1.40544
1.35075
1.18997
1.17365
1.54243
1.60519
1.60519
1.632
1.45456
1.41657
1.4321
1.11957
1.21743
1.22759
1.60519
1.12143
1.01196
1.38648
1.43402
1.49152
1.41577
1.53699
1.35214
1.32025
1.13898
1.59343
1.69404
1.64769
1.27424
1.27066
1.36582
1.20716
1.21566
1.54971
1.31527
1.34455
1.40631
1.46131
1.54316
1.25298
1.6285
1.6285
1.59894
1.54717
1.56862
1.53949
1.61203
1.29993
1.30265
1.30265
1.4682
1.50174
1.30099
1.3733
1.3733
1.38259
1.37787
1.06019
1.14273
1.21201
1.87645
1.38512
1.08936
1.10291
1.01909
1.04582
0.967197
1.00451
1.4213
1.03649
1.02744
1.04582
1.08906
1.15089
1.103
1.03498
1.02577
1.20161
1.38905
1.12351
1.04778
1.02049
1.26017
1.20161
0.924334
1.52803
1.11744
1.21698
1.3582
1.00605
1.368
1.34207
1.38001
1.30175
1.1228
1.58453
1.10606
0.970773
1.30175
0.928324
1.26953
1.1385
1.11152
0.944781
0.892477
0.705537
1.5297
1.46162
1.7174
1.45944
1.32794
0.949294
1.254
1.00196
1.16502
1.19903
0.965204
1.51517
1.4243
1.31659
1.19903
1.48647
1.50095
1.3811
1.23928
1.41865
1.38479
1.41774
1.26308
1.39996
1.00877
1.41865
1.38479
1.42637
1.35442
1.23653
1.57415
1.52093
1.44052
1.15254
1.05299
1.12964
1.38751
1.2344
1.02463
1.6567
1.27609
1.2329
1.14769
1.44187
1.34351
1.10321
0.993407
1.064
1.162
1.51743
1.49777
1.25411
1.36353
1.39433
1.31288
1.4051
1.46621
1.5012
1.40173
1.1168
1.4721
1.4163
1.20387
1.42476
1.56502
1.08707
1.08707
1.08392
1.42505
1.37293
1.45043
1.11293
1.04104
0.897781
1.20456
1.07051
1.04049
1.52894
1.14704
1.00665
1.07106
1.11495
1.11495
1.01887
1.02492
1.03152
1.09215
1.32609
1.10871
1.11771
1.01811
1.04013
1.52169
1.35523
1.35201
1.2835
1.35672
0.888707
0.905721
1.40567
1.27446
1.21048
1.30011
0.721543
1.46143
1.33354
1.00236
1.5408
1.30142
1.45281
1.31831
1.26062
0.920709
0.845314
1.47377
1.34128
1.3925
1.50737
0.964352
1.22006
1.21792
1.48314
1.43079
0.950032
0.974109
0.974109
1.08696
0.927246
1.36985
1.14344
1.51732
1.379
1.15012
1.33145
1.29876
1.37718
1.42681
1.12405
1.36418
1.3167
1.3056
1.27886
1.3056
1.22294
1.29558
1.3211
1.25839
1.25839
0.949814
0.931572
1.2821
1.24728
1.67889
1.10753
0.970798
1.3143
1.29038
1.57955
1.003
1.12869
1.08345
1.54793
1.53647
1.49612
1.19665
1.23135
1.26287
1.3656
1.65518
1.65518
1.36402
1.13038
1.31866
1.54537
1.5343
1.41548
1.35777
1.07482
1.16516
1.07634
1.14457
1.14905
1.0293
1.05718
1.14099
1.14748
1.147
1.05784
1.27851
1.39256
1.15053
1.14748
1.147
1.47693
1.17655
1.13356
1.01483
1.14846
1.07618
1.36678
1.41166
1.21934
1.18694
1.03618
1.45969
1.62002
1.21934
1.14445
0.992564
1.45969
0.986564
1.17192
0.991466
1.67204
1.62104
1.62023
1.02737
1.16541
0.971188
1.47753
1.58019
0.996818
1.3982
1.50784
1.48359
1.11292
1.72878
0.931066
1.26519
1.41207
1.49298
1.26155
0.837624
1.42982
1.42084
1.43098
1.66803
1.41052
1.14089
1.47343
1.57401
1.21819
1.398
1.57797
1.46836
1.45576
1.31746
1.398
1.55451
1.45576
1.31746
1.398
1.48631
1.03601
1.30567
1.398
1.4995
1.37102
1.25969
1.27846
1.26902
1.60584
1.46133
1.48654
1.16092
1.15935
1.13027
1.3308
1.12983
1.16911
1.34344
1.43153
1.41767
1.35897
1.14004
1.06665
1.43153
1.41767
1.46821
1.18146
1.42005
1.33491
1.28559
1.21983
1.46433
1.33547
1.06938
1.64437
1.38667
1.35404
1.02192
1.51459
1.47458
1.40227
1.41415
1.39454
1.39063
1.52635
1.12052
1.30178
1.48925
1.10931
1.38226
1.32445
1.32674
1.30971
1.18713
0.941077
1.27413
1.32674
1.3417
1.29995
1.25822
0.929998
1.35173
1.34202
1.31221
1.02985
0.990444
1.30704
1.24662
1.36852
1.21857
1.3763
1.43952
1.12121
1.48758
1.32641
1.23986
1.32351
1.4889
1.32377
1.48601
1.25754
1.26586
1.35022
1.39369
1.59267
1.51841
1.40449
1.37649
1.3726
1.25148
1.22432
1.44806
1.31127
1.58689
1.41032
1.19063
1.02129
1.12802
1.08284
1.53533
1.38024
1.06762
0.924853
1.13638
1.13463
1.10749
1.17579
1.36623
1.36623
1.42669
1.12269
1.10642
1.36359
0.973089
0.973089
1.05661
1.11887
1.08652
1.62144
1.45467
1.53975
1.08114
1.08114
1.17544
1.33921
1.14577
1.07159
1.07159
1.09831
1.04261
1.51953
1.78346
1.70771
1.60548
1.40214
1.37157
1.28869
1.40697
1.40129
1.26398
1.23047
0.893199
1.23451
1.57655
1.56895
1.56895
1.37679
1.47028
1.50013
1.41024
1.39762
1.54939
1.30178
1.33498
1.00463
1.00845
1.04063
1.21149
1.43877
1.254
1.254
1.38103
1.398
1.38186
1.38186
1.38978
1.65223
1.08691
1.19794
1.13029
1.48174
1.50308
1.58266
1.32205
1.4562
1.30547
1.19392
1.12034
1.04532
1.23526
1.45707
1.47355
1.13708
1.159
1.70965
1.24226
1.24226
1.17491
1.56378
1.33591
1.238
1.42841
1.09567
1.2511
1.41719
1.39005
1.39005
1.18692
1.4789
1.4228
1.42344
0.946853
1.45204
1.45204
1.45204
1.3236
1.46566
1.27932
1.3468
1.14358
1.53068
1.39174
1.43742
1.42118
1.44506
1.38854
1.26638
1.26638
1.26638
1.26642
1.31643
1.393
1.69306
1.23318
1.46873
1.46873
1.14711
1.00312
1.10661
1.52143
1.13296
1.35185
1.42694
1.32886
1.32886
1.60229
1.43412
1.46219
1.23697
1.01897
1.50564
1.60013
1.60212
1.39219
1.36886
1.38398
1.70753
1.50566
1.52701
1.38903
1.02985
1.24374
1.19446
1.19641
1.09383
1.08887
1.03411
1.09903
1.18841
1.19641
1.09383
1.08887
1.04975
1.36418
1.19641
1.09383
1.04139
1.45687
1.19436
1.08057
1.09348
1.01007
1.41375
1.362
1.44704
0.992957
1.13696
1.54572
1.49546
0.917796
1.29301
1.41849
1.36134
1.00463
1.24193
1.05805
1.08768
1.01492
1.55721
1.13258
1.0472
1.5184
0.986505
1.67034
1.47312
1.43187
1.50532
1.47191
1.67348
1.47388
1.22469
1.1524
1.26509
1.23853
1.25503
1.54025
0.935949
1.12667
1.40107
1.04812
1.43535
1.44836
1.35971
1.32008
1.35774
1.20918
1.11932
1.37049
1.51186
1.32008
1.27881
1.09059
1.43054
1.4791
1.37499
1.29144
1.29339
1.30442
1.45199
1.39649
1.41188
1.71424
1.36789
1.39718
1.32823
1.63752
1.55694
1.2211
1.14166
1.02192
1.06384
1.4646
1.55694
1.42386
1.12935
1.02843
1.06253
1.40107
1.04812
1.43535
1.44836
1.22618
1.31252
1.30928
1.49068
1.42705
1.47279
1.43731
1.17753
1.53768
1.461
1.25037
1.60169
1.46726
1.49494
1.4365
1.2595
1.11625
1.13223
1.08294
1.48436
1.62898
1.5171
1.5421
1.42935
1.26175
1.64716
1.47803
1.36527
1.30234
1.38172
1.18875
1.42705
1.04033
1.05608
1.09493
1.26759
1.52092
0.952076
1.02694
1.04453
1.20864
1.01616
1.37998
1.11804
1.062
1.20864
1.19446
1.19446
1.19446
1.39839
1.30808
1.19446
1.29316
1.29316
1.29615
1.29615
1.28366
1.07518
1.09383
1.09383
1.09981
1.08224
1.44414
1.09383
1.08887
1.08887
1.10429
1.09191
1.08887
1.21886
1.26997
1.51374
1.06647
1.07809
1.06079
1.35894
1.53162
1.29948
0.945789
1.32251
1.41688
1.26597
0.989417
1.27445
1.44352
1.44352
1.44352
1.5147
1.32614
1.19257
1.50004
1.18133
1.44005
1.42453
1.17767
1.28701
1.32969
1.29061
1.26228
1.46427
1.33186
1.14926
1.14926
1.14926
1.15221
1.60062
1.58772
1.46505
1.51306
1.04183
1.11717
1.1109
1.48981
1.39314
1.45016
1.11717
1.23942
1.50569
1.35926
1.24129
1.46305
1.23223
1.43709
1.50487
1.37705
1.13049
1.68167
1.26421
1.33402
1.46289
1.46289
1.36997
1.36997
1.3441
1.79904
1.14758
1.03514
1.31432
1.33512
1.46897
1.64448
1.59125
1.33512
1.33602
1.19036
1.4395
1.13201
1.59798
1.22635
1.27642
1.16181
1.44692
1.63769
1.50619
1.16803
1.47071
1.49767
1.21347
1.45352
1.86609
1.36475
1.53976
1.80263
1.0876
1.24158
1.06628
1.08336
0.960068
1.0876
1.12322
1.06537
1.08336
1.52926
1.49222
1.22392
1.34803
1.14218
1.1676
1.05943
1.36985
1.137
1.02383
1.0289
1.25899
1.06329
1.47659
1.60013
1.46001
1.3057
1.40555
1.50122
1.3057
1.40555
1.50122
1.08938
1.50789
1.23636
1.26263
1.34661
1.20296
0.963212
1.34957
1.48375
1.06598
1.01839
1.20296
0.926154
1.28396
1.48375
1.09632
1.00129
1.12683
1.51754
1.46133
1.42722
1.66888
0.98108
1.33385
1.0002
1.15657
1.14349
1.47276
1.43532
1.10604
1.22003
1.23713
1.14349
1.47276
1.21161
1.10604
1.21981
1.11466
1.1845
1.47276
1.16072
1.10604
1.22003
1.11538
1.15439
1.21027
1.32049
1.11498
1.37193
1.41352
1.3212
1.31217
1.46921
1.33056
1.27901
1.27683
1.46921
1.27613
1.27806
1.47966
1.5159
1.27976
1.23533
1.25776
1.5183
1.27465
1.24262
1.40011
1.49625
1.27025
1.26075
1.18637
1.62278
1.29814
1.20253
1.30895
1.6402
1.73161
1.25882
1.66839
1.6976
1.73161
1.68523
1.54221
1.17214
1.41625
1.46389
1.52603
1.54221
1.56322
1.40817
1.44932
1.46389
1.55364
1.54221
1.28384
1.44932
1.46389
1.68704
1.31965
1.438
1.30378
1.32052
1.17984
1.44539
1.42624
1.22208
1.52463
1.46348
1.5374
1.63885
1.64295
1.5613
1.11946
1.11946
1.41035
1.32773
1.64219
1.16318
1.20859
1.05038
1.13332
1.65976
1.50138
1.053
1.60596
1.47992
1.30222
1.39518
1.41559
1.1545
1.19446
1.52264
1.22206
1.22726
1.44251
1.12705
1.12705
1.12237
1.28522
1.33067
1.15162
1.60015
1.16757
1.11253
1.32891
1.64061
1.62827
1.29891
1.44222
1.46711
1.47855
1.73257
1.19446
1.19446
1.19446
1.55652
1.48047
1.49323
1.59594
1.12972
1.40908
1.08913
1.57187
1.59485
1.22021
1.22021
1.14692
1.51285
1.49948
1.3693
1.86293
1.2212
1.50122
1.50122
1.13518
1.22076
1.2156
1.31946
1.05784
1.14184
1.14184
1.46822
1.07591
0.984623
1.06673
1.07843
1.19825
1.20739
1.28988
1.28399
1.28399
1.30187
1.22437
1.05479
1.23251
1.30168
1.36473
1.57314
1.24692
1.62618
1.5982
1.25058
1.25487
1.38495
1.38676
1.40976
1.3783
1.08834
1.43644
1.39386
1.23047
1.36513
1.0505
1.24229
1.63961
1.47508
1.21966
1.25926
1.42809
1.61213
1.72929
1.53937
1.53937
1.53937
1.60462
1.19878
1.34635
1.11237
1.68437
1.67445
1.457
1.4307
1.53067
1.55312
1.70655
1.71663
1.23319
1.62742
1.41101
1.46389
1.63346
1.38186
1.39315
1.18306
1.64205
1.54581
1.6542
1.42225
1.57106
1.25001
1.29649
1.38525
1.25001
1.10175
1.38525
1.31879
1.39747
1.53077
1.4246
1.38525
1.27915
1.28722
1.35691
1.51237
1.09146
1.18804
1.03744
1.31392
1.3782
1.14294
1.14916
1.20273
1.31473
1.21726
1.411
1.18222
1.31473
1.01447
1.58737
1.51319
1.44594
1.03015
1.50935
1.21446
1.14326
1.31092
0.993624
1.29154
1.29542
1.0941
1.5934
1.41768
1.13956
1.11089
1.2384
1.46877
1.11766
1.6326
1.3883
1.66449
1.33765
1.08663
1.40206
1.50935
1.494
1.13376
1.06613
1.17383
1.45021
1.5783
1.40049
1.09307
1.19733
1.32685
1.31
1.06898
1.2941
1.53795
1.19052
1.2194
1.46455
1.65878
1.43338
0.900161
1.27003
1.10048
1.69479
1.24322
1.40024
1.64036
1.17856
1.71862
1.68924
1.41308
1.44317
1.39103
1.58959
1.64177
1.34136
1.49058
1.64306
1.23696
1.21992
1.41342
1.29138
1.4598
1.35324
1.41342
1.29138
1.55847
1.33922
1.27985
1.35173
1.41472
1.45194
1.25523
1.77044
1.32197
1.62608
1.88845
1.69251
1.67832
1.25487
1.23912
1.24102
1.45813
1.28996
1.03083
1.12894
1.08377
1.12797
1.18604
1.58379
1.42593
1.42593
1.62327
1.4319
1.26944
1.51447
1.63829
1.29283
1.26765
1.80542
1.51397
1.58143
0.942016
1.30029
1.76128
1.41609
1.54368
1.2915
1.2761
1.10979
1.53959
1.67265
1.0139
1.07111
1.56558
1.28496
1.27557
1.51675
1.31934
1.08628
1.13406
1.50782
1.73189
1.02843
1.12055
1.68243
1.68243
1.39675
1.80256
1.009
1.5362
1.5456
1.61463
1.24935
1.56131
1.29094
1.23042
1.38257
1.44479
1.31322
1.33628
1.34448
1.37594
1.25158
1.00063
1.29793
1.53951
1.31038
1.68577
1.52465
1.66464
1.53348
1.79173
1.29566
1.29201
1.22952
1.47456
1.63154
1.48263
1.44288
1.14915
1.14915
1.5688
1.34508
1.63788
1.50013
1.24151
1.30088
1.67581
1.74152
1.61766
1.61115
1.4396
1.24347
1.46231
1.41363
1.06237
1.65223
1.74158
1.48818
1.34857
1.35894
1.27255
1.49801
1.66194
1.58991
1.40195
1.51798
1.56284
1.24246
1.25314
1.41828
1.00284
1.00182
1.0843
0.979668
1.35075
1.41828
0.983161
1.0328
1.06159
0.983161
0.99612
1.00775
1.56054
0.98424
0.966604
1.5481
1.15076
0.905951
1.45358
1.61185
1.5493
1.03611
1.1434
1.2293
1.5833
1.45423
1.02057
1.353
1.52172
1.58488
1.4018
1.02057
1.4097
1.52172
1.5833
1.29629
1.03356
1.35719
1.29305
1.2293
1.27151
1.02054
1.29305
1.35
1.64426
1.26097
1.29305
1.25798
1.64426
1.03188
1.61217
1.49363
0.882374
1.59384
1.26933
0.833827
1.29051
0.974045
1.30366
1.414
1.33866
1.37742
1.22337
0.925172
1.27325
1.47562
1.32744
0.944058
0.991577
1.01547
0.960665
1.27369
1.53936
1.21028
0.984318
1.45301
1.53692
1.39228
0.984318
1.32801
1.52987
1.2841
0.909707
1.52987
1.26986
0.923837
1.21655
1.37869
0.951659
1.2553
1.48275
1.60285
1.56429
1.02821
0.95544
1.03181
1.57474
1.56958
1.03032
0.992114
0.959423
1.06796
1.58981
1.22261
1.51477
1.44367
1.41948
1.41472
1.14754
1.32314
1.31073
1.3328
1.80529
1.14389
1.01511
1.23429
1.51372
0.937324
1.00829
1.67586
0.982913
1.29506
1.60264
0.959797
1.29375
1.49378
0.967956
0.960402
1.03032
0.992518
0.960402
0.892492
1.41353
0.992518
0.981758
1.45044
1.00242
0.943261
1.49452
1.78591
1.20813
1.55747
1.20813
1.35534
1.62632
1.29489
1.60578
1.2618
1.57403
1.41708
1.3838
1.5036
1.32227
1.26139
1.69481
1.24831
1.64512
1.40773
1.27
1.4097
1.56798
1.63314
1.40773
1.24815
1.23909
1.59515
1.59637
1.32227
1.24815
1.36316
1.55687
1.30622
1.24815
1.24051
1.21311
1.32379
1.24051
1.60101
1.461
1.61126
1.43875
1.41024
1.45259
1.21581
1.30458
1.14164
1.16284
0.874089
1.2547
0.952462
1.12575
1.49837
1.06174
1.05692
1.05692
1.11069
1.10684
1.49788
1.47016
1.66075
1.10747
1.48483
1.11481
1.2687
1.26209
1.38839
1.38972
1.25001
1.25001
1.25001
1.30664
1.38139
1.38139
1.03493
1.13986
1.28505
1.41753
1.52802
1.51623
1.44208
1.56402
1.50864
1.38184
1.11441
1.16559
1.43971
1.62014
1.56535
1.504
0.846956
1.35973
1.69289
1.60071
1.54177
0.939669
1.30011
1.44522
1.35621
1.30265
1.30408
1.30022
1.30022
1.31676
1.52829
1.38897
1.32003
0.856938
0.882634
0.852001
0.856208
0.856208
1.03008
1.48601
1.49162
1.44405
1.42507
0.840574
1.37995
1.36265
1.37567
1.54352
1.47868
1.25568
0.972365
0.99003
1.43251
1.37016
1.36541
1.45716
1.04916
0.964119
1.42218
1.52048
1.56447
0.961081
0.982476
0.977019
0.980839
1.13643
0.959216
1.46757
1.4717
1.2281
1.20657
1.20002
1.13398
1.1414
1.21855
1.21451
1.40673
1.27778
1.57964
1.57964
1.57964
1.48458
1.08522
1.21744
1.57409
1.51012
1.30906
1.2842
1.30011
1.45996
1.46595
1.33054
1.49516
1.17677
1.17677
1.09392
1.24936
1.29772
1.5783
1.594
1.07074
1.13016
1.14161
1.14161
1.14413
1.13125
1.22555
1.21934
1.21934
1.51481
1.47126
1.47126
1.44386
1.44556
1.20198
1.35647
1.49838
1.25044
1.43908
1.18105
1.0704
1.29919
1.30129
1.45441
1.26277
1.09575
1.09575
1.2608
1.34752
1.2608
1.2608
1.30739
1.22305
1.50796
1.44976
1.26878
1.39966
1.57841
1.33081
1.36888
1.30514
1.7065
1.57774
1.61468
