1.0843
0.979668
1.47586
1.24505
1.47143
0.966604
1.15076
0.905951
1.04171
1.353
1.58488
1.4018
1.01989
1.02054
1.26097
0.88129
1.03188
1.31243
0.974045
1.30366
1.33866
1.37742
1.27325
1.32744
0.944058
1.01547
1.37998
1.16151
1.53936
1.53692
1.39228
1.50629
1.52125
1.51703
1.48275
1.60285
1.56429
1.57474
1.56958
1.03032
1.06796
1.51477
1.44367
1.41948
1.31073
1.3328
1.80529
1.14389
1.39025
1.67586
1.52151
1.35732
1.60264
1.39025
0.967956
1.03032
1.36393
1.39025
0.892492
1.41219
1.39025
0.873723
1.41219
1.00242
0.943261
1.49452
1.78591
1.20813
1.55747
1.20813
1.62632
1.29489
1.60578
1.12438
0.984019
1.41708
1.3838
1.5036
0.984019
1.26139
1.69481
1.24831
1.64512
1.40773
1.27
1.56798
1.40773
1.55687
1.61126
1.35267
1.21581
1.14164
1.16284
0.874089
1.62413
1.49837
1.10684
0.81131
1.11481
1.38839
1.56402
1.50864
1.38184
1.39307
0.879632
0.986917
1.45246
1.35973
1.51077
0.939669
1.22743
1.44522
1.13713
1.30265
1.30408
1.30022
1.30022
1.38897
1.32003
0.840574
0.972365
1.37016
1.36541
1.04916
0.964119
0.969284
1.51768
1.42218
1.52048
1.20645
1.2281
1.21855
1.21451
0.9024
1.27778
1.555
1.57409
1.51012
1.46595
1.33054
1.29772
1.594
1.07074
1.13125
1.00206
1.49838
1.43908
1.18105
1.0704
1.26277
1.09575
1.09575
1.50796
1.37948
1.33081
1.41771
1.30514
1.7065
1.57774
1.40501
1.42769
1.42769
1.77617
