1.25001
1.29649
1.38525
1.25001
1.10175
1.38525
1.31879
1.39747
1.53077
1.4246
1.38525
1.27915
1.28722
1.35691
1.51237
1.09146
1.18804
1.03744
1.31392
1.3782
1.14294
1.14916
1.20273
1.31473
1.21726
1.411
1.18222
1.31473
1.01447
1.58737
1.51319
1.44594
1.03015
1.50935
1.21446
1.14326
1.31092
0.993624
1.29154
1.29542
1.0941
1.5934
1.41768
1.13956
1.11089
1.2384
1.46877
1.11766
1.6326
1.3883
1.66449
1.33765
1.08663
1.40206
1.50935
1.494
1.13376
1.06613
1.17383
1.45021
1.5783
1.40049
1.09307
1.19733
1.32685
1.31
1.25449
1.06898
1.2941
1.53795
1.19052
1.2194
1.46455
1.65878
1.43338
0.900161
1.27003
1.10048
1.69479
1.55915
1.24322
1.40024
1.64036
1.17856
1.71862
1.68924
1.41308
1.44317
1.39103
1.58959
1.64177
1.34136
1.49058
1.64306
1.23696
1.21992
1.41342
1.29138
1.4598
1.35324
1.41342
1.29138
1.55847
1.33922
1.27985
1.35173
1.41472
1.45194
1.25523
1.77044
1.32197
1.62608
1.88845
1.69251
1.67832
1.25487
1.23912
1.24102
1.45813
1.28996
1.03083
1.12894
1.08377
1.12797
1.18604
1.58379
1.42593
1.42593
1.62327
1.4319
1.26944
1.51447
1.63829
1.29283
1.26765
1.80542
1.51397
1.58143
0.942016
1.30029
1.2759
1.76128
1.41609
1.54368
1.2915
1.2761
1.10979
1.53959
1.67265
1.0139
1.07111
1.56558
1.28496
1.27557
1.51675
1.31934
1.08628
1.13406
1.50782
1.73189
1.02843
1.12055
1.68243
1.68243
1.39675
1.80256
1.009
1.5362
1.5456
1.61463
1.24935
1.56131
1.23271
1.29094
1.56133
1.23042
1.38257
1.44479
1.31322
1.33628
1.34448
1.37594
1.25158
1.00063
1.29793
1.53951
1.31038
1.68577
1.52465
1.66464
1.53348
1.79173
1.29566
1.29201
1.22952
1.59981
1.47456
1.63154
1.48263
1.44288
1.14915
1.14915
1.5688
1.34508
1.63788
1.50013
1.24151
1.30088
1.67581
1.74152
1.61766
1.61115
1.4396
1.24347
1.46231
1.41363
1.06237
1.65223
1.74158
1.48818
1.34857
1.35894
1.27255
1.49801
1.66194
1.58991
1.40195
1.51798
1.56284
1.24246
1.25314
