1.29007
1.52957
1.49726
1.29028
1.32912
1.6204
1.38541
1.12865
1.29028
1.46544
1.43698
1.26124
1.56235
1.29261
1.46111
0.693119
1.44828
0.937282
1.35503
1.42214
1.52438
0.917074
1.11953
1.3043
1.12602
1.15397
1.11535
1.5926
1.64478
1.63292
1.35294
1.6381
1.42708
1.32814
1.31774
1.55926
1.52488
1.7122
1.3012
1.08587
1.47659
1.62382
1.45808
1.51486
1.16179
1.54544
1.53984
1.6285
1.41518
1.38891
1.51545
1.6285
1.50267
1.40185
1.43201
1.53984
1.60896
1.19315
1.12832
1.26069
1.08949
1.07055
1.29556
1.5241
1.32126
0.869918
1.0364
1.14901
1.58553
1.10718
1.37695
1.41758
1.12122
1.31626
0.992135
1.50174
1.37695
1.23658
1.38008
1.44788
1.15165
1.40162
1.38008
1.39947
1.52547
1.58289
0.988841
1.39343
1.41785
1.564
1.43344
1.52064
1.6461
1.55451
1.43597
1.61095
1.49961
1.15723
1.22101
1.05362
1.04486
1.44232
1.46538
1.16911
1.40993
1.18261
1.6088
1.4762
1.0482
1.26192
1.58792
1.5014
1.39117
1.12196
1.65766
1.30682
1.17518
1.19412
1.21848
1.53659
1.05957
1.29432
1.42992
1.42992
1.29093
0.991818
1.03009
1.39343
1.4271
1.38783
1.43526
1.58064
1.22261
1.25033
1.12305
1.324
1.64702
1.29894
1.29894
1.22806
1.50099
1.44033
1.49102
1.52182
1.55948
1.21792
1.38948
1.38948
1.38948
1.20358
1.5667
1.34072
1.58906
1.50773
1.23481
1.29755
1.43526
1.64692
1.20422
1.29322
1.25128
1.06654
1.36276
1.26313
1.52416
1.52416
1.52416
1.26661
1.39289
1.39289
1.39289
1.39235
1.16997
1.18443
1.2485
1.04692
1.44654
1.12474
1.17677
1.19996
1.19492
1.55399
0.983277
1.28223
1.14569
1.26439
1.34162
1.07508
1.00087
1.29034
1.45322
1.45322
1.45322
1.37908
1.57646
1.25046
1.07034
1.42733
1.09296
1.44321
1.55573
1.01806
1.51221
1.47
1.50888
1.32998
1.5615
1.54683
1.32222
1.54971
1.61278
1.61331
