1.51149
1.46073
0.992948
1.06935
1.12336
1.43219
1.38311
1.09883
1.38446
1.38311
1.16434
0.959648
1.52306
0.821041
1.39501
1.30553
1.35721
1.31752
1.08507
1.5623
1.28368
1.50653
1.38396
1.10268
0.973536
1.59845
1.38765
1.28324
0.971476
1.17751
1.22226
1.34834
1.09662
1.17751
0.947883
1.24144
1.25046
1.48779
1.13225
1.06477
1.3034
1.0859
1.23924
1.0947
1.43563
1.3787
1.32776
1.73669
1.52895
1.37546
1.5024
1.21536
1.43481
1.37546
1.38642
1.26474
1.36393
1.40292
1.38642
1.49517
1.23318
1.2854
1.49517
1.43589
1.38915
1.34966
1.41977
1.2344
1.15354
1.03466
1.01143
1.42525
1.03466
1.31568
1.3001
1.31568
1.21041
1.53971
1.30947
1.35122
1.52549
1.57774
0.911623
0.938333
1.55282
1.55282
1.42317
1.18865
1.19208
1.19555
0.927238
1.48101
1.36596
1.26789
1.11423
1.43282
1.47047
1.37208
1.43282
1.10887
1.38126
0.832071
1.34222
1.41039
1.17814
1.43392
1.44093
1.32723
1.37007
1.0645
1.18764
1.05231
1.02006
1.23654
1.26357
1.14449
1.38348
1.05861
1.32701
0.947832
1.04145
1.38126
0.833281
1.34843
1.41039
1.2704
1.16056
1.00895
1.40711
1.48692
1.36879
1.38022
1.26737
1.0187
1.40428
1.51863
1.21252
1.24259
1.12274
1.31576
1.47709
1.27516
1.64598
1.04581
1.14868
1.5416
1.48015
1.39622
1.15985
1.10282
1.24161
1.56009
1.36879
1.38022
1.5315
1.33589
1.28924
1.31423
1.54462
1.29767
1.08963
1.63251
1.54769
1.43161
1.38582
1.39418
1.42423
1.23589
1.1003
1.33755
1.5315
1.12791
1.0293
1.31423
1.58969
1.26996
1.44034
1.38563
1.61289
1.38177
0.913498
1.46425
1.45991
1.49327
1.41665
1.16009
1.3552
1.56926
1.19701
1.30265
1.44034
1.56926
1.24755
1.60926
1.44034
