0.894142
0.82944
0.963673
0.908414
0.970626
1.29247
1.26344
1.496
1.5098
1.51996
1.06465
1.29651
1.33464
0.913172
1.25177
1.29786
1.13294
1.29021
1.20214
1.40783
1.57428
0.973467
1.43949
1.33158
0.957507
0.978938
1.41964
0.948236
1.25443
1.25443
1.26241
0.958088
1.25888
1.05896
0.946755
1.36675
1.35449
1.27437
1.305
1.61961
1.56778
1.4611
1.29601
1.40918
1.4281
1.4281
1.51177
1.15491
1.39154
1.40322
1.56616
1.56616
0.97975
1.12896
1.4465
1.40933
1.41641
1.49356
1.36962
1.01369
1.27695
1.3875
1.12098
1.07122
1.14977
1.37513
1.36512
1.44384
1.25899
1.29525
1.25204
0.942344
1.28805
1.33715
1.3259
0.993945
1.24465
1.14198
1.01234
1.40108
1.00006
1.29244
1.09182
1.0254
1.2526
1.0254
1.33762
0.833196
1.02306
1.2526
1.07227
1.41548
1.41396
0.978799
1.08143
1.20858
1.61953
0.953541
1.27135
1.01854
1.41963
1.39953
1.40214
1.17751
0.965957
1.32708
1.36128
1.3165
1.16277
0.975525
1.17863
1.328
1.32176
1.56158
1.58415
1.43186
1.42024
1.63155
1.58217
1.43186
1.43736
1.39536
1.16357
1.12356
1.50833
1.51928
1.40238
1.39536
1.46098
1.02382
1.39142
1.39793
1.3832
1.0953
1.3047
1.37867
1.49956
1.28618
1.35509
1.23716
1.57079
1.20499
1.00424
1.30833
1.31607
0.93474
1.53726
