1.1728
1.3581
1.18042
1.09139
1.07089
1.49368
1.72149
1.22128
1.16982
1.25074
1.07434
1.04922
0.833286
1.09087
1.22486
1.18207
0.879688
0.844865
0.953182
0.916865
1.02395
0.984613
0.808113
1.10767
1.38352
1.66515
1.48569
1.27834
1.41267
1.25673
1.34568
1.4409
1.39973
1.44182
1.50392
1.0773
1.43521
1.55517
1.0773
1.60616
1.64015
1.24739
1.38588
1.20502
1.28693
1.2118
1.30773
1.15059
0.895035
1.35751
0.847883
1.19149
0.881594
1.44043
1.27282
1.48522
1.40727
1.47544
0.95759
0.896656
1.24552
1.12295
1.04862
1.20146
1.29797
0.791318
0.82801
1.3443
1.33787
0.954888
0.814798
1.50581
1.52613
0.773656
0.793575
1.31077
1.33186
1.22334
1.22334
1.18762
1.30945
1.31221
1.37233
1.44145
1.44406
1.17943
0.970337
1.07313
1.17257
1.11805
1.06616
0.864784
0.820472
1.46352
0.999722
1.6614
1.27492
1.53383
0.921199
1.43003
1.43631
1.53386
1.4487
1.23752
1.60244
0.932152
0.988227
1.09458
1.22473
1.3917
1.26752
1.49716
1.49418
1.38619
1.29526
1.2627
1.41197
1.37074
1.5064
1.40841
1.39516
1.31323
1.31323
1.44644
1.52122
1.37855
1.49755
1.7045
1.54312
1.67078
1.3621
1.12252
1.00571
1.24667
1.22786
1.30873
1.04551
1.08835
0.977019
1.30134
1.46433
1.36499
1.424
1.50013
1.05072
1.40027
1.10935
0.887798
1.34533
1.16613
0.770818
1.18948
1.31417
1.23655
1.23732
1.37831
0.752821
0.774215
1.41018
0.886015
0.978428
1.3653
1.22654
1.3274
0.829864
1.18039
