1.12188
1.11776
1.23128
1.12188
1.11887
1.44578
1.13532
1.40562
1.25841
1.23658
1.1836
1.67559
1.34175
1.29256
1.34511
1.35235
1.41973
1.19802
1.43469
1.43031
1.11619
1.11298
1.35919
1.14765
1.01031
1.30718
1.51338
1.14799
1.10947
1.30718
1.40747
1.39608
1.29046
1.01822
1.20243
1.26997
1.46154
1.38525
1.29046
0.951009
1.45722
1.29046
1.35723
1.4902
1.35052
1.2993
1.42159
1.29649
1.19326
1.34376
1.2463
1.25389
1.35863
1.36576
1.23923
1.34999
1.27762
1.23923
1.45935
1.29213
1.23923
1.42107
1.368
1.36612
1.14819
1.46795
1.19926
1.36612
1.16618
1.4713
1.19926
1.36888
1.32227
1.34145
1.22894
1.2811
1.1374
1.29749
1.62827
1.43104
1.48623
1.40479
1.29121
1.15846
1.63226
1.44399
1.38989
1.1374
1.59017
1.63813
1.23029
1.17284
1.22779
1.33518
1.41015
1.1195
1.23029
1.52126
1.20223
1.12021
1.21272
1.21863
1.31937
1.2004
1.41494
1.27488
1.53631
1.36295
1.39714
1.44815
1.36295
1.42429
0.975592
1.61965
1.47749
1.46877
1.47463
1.47463
1.37227
1.15968
1.44935
1.13101
1.16713
1.14582
1.12253
1.50439
1.17701
1.17701
1.15966
1.07529
1.02882
1.10089
1.25696
1.2529
1.26739
1.32478
1.20831
1.20722
1.41686
1.52333
1.25395
1.25632
1.31859
1.32139
1.1763
1.38189
1.18338
1.17365
1.36158
1.20438
1.51007
1.29456
1.29456
1.29456
1.47508
1.47508
1.57717
1.2785
1.28745
1.29124
1.45347
1.38927
1.41952
1.43087
1.23036
1.38678
1.60442
1.50927
0.990711
0.994702
0.976797
1.39376
1.39376
1.65492
1.31888
1.49152
0.926959
0.923006
0.919866
1.48383
1.48383
1.02001
1.40501
1.32196
1.00365
1.1509
1.35223
1.06075
1.36342
1.41625
1.28041
1.36917
1.15044
1.13987
1.13201
1.13594
1.14708
1.11909
1.20686
0.988586
1.67674
1.67159
1.60276
1.50176
1.57376
1.57376
1.35749
1.50073
1.49917
1.33857
1.45564
1.4267
1.6152
1.33514
1.37676
1.53871
1.47191
1.03224
1.12163
1.59462
1.12819
1.32183
1.16258
1.1243
1.62069
1.61653
1.45044
1.45565
0.969772
1.28391
1.26328
1.24477
1.36418
1.47767
1.03989
1.03989
1.41052
1.62874
1.6589
1.59763
1.41763
1.44299
1.39718
1.41312
1.18365
1.58216
1.17461
1.14446
