1.49156
1.01377
1.19893
1.15739
1.38347
1.01117
1.15327
1.30886
0.939445
1.17713
1.13211
1.55491
1.13211
1.23496
1.5518
1.5928
1.25276
1.22227
1.33096
1.60591
1.14302
1.01671
1.41623
1.35857
1.19654
1.19725
1.18781
0.961999
1.41623
1.31938
1.18781
1.18781
1.38158
1.42021
1.38984
1.38188
1.54449
1.33995
1.2462
1.2462
1.39425
1.2811
1.25203
1.40648
1.30696
1.26512
1.26512
1.52165
1.16011
1.29597
1.55635
1.41611
1.57386
1.49872
1.33321
1.16817
1.04738
1.52838
1.51438
1.137
1.36415
1.46398
1.41421
1.45827
1.00323
1.45827
1.36938
1.38792
1.36081
1.20067
0.9969
1.37364
1.65611
1.04261
0.932891
1.35947
1.35719
1.31559
1.39681
1.11579
1.1888
1.42441
1.04569
1.2897
1.28013
1.23496
1.38499
1.35261
1.37834
1.18032
1.32309
1.38276
1.47855
1.40473
1.0315
1.22027
0.894362
0.954576
1.58408
1.1883
1.16656
1.1906
1.17117
1.24111
1.17867
1.19165
1.27064
1.24478
1.0174
0.984724
1.15793
1.27064
1.26956
1.17934
1.33586
1.45539
1.23483
1.48564
1.33636
1.35437
1.43573
1.32082
1.06293
1.17989
1.02613
1.42068
1.27052
1.17867
1.47431
1.32718
1.27052
1.50364
1.50484
1.11237
1.29861
1.41424
1.36679
1.1105
1.17239
1.3111
1.16817
1.50674
1.60299
1.15017
1.34457
1.36081
1.49979
1.45685
1.3857
1.54693
1.57163
1.52479
1.51785
1.36158
1.20917
1.04072
1.61953
1.61953
0.910991
1.1476
1.43356
1.32757
1.32922
