0.894886
1.1937
0.954792
0.916772
1.05288
0.994497
1.40634
1.02036
1.01239
1.01239
1.34574
1.552
1.36183
1.32502
1.29333
1.46006
1.37261
1.14961
1.20044
1.32177
1.31649
1.17763
1.11471
1.06137
1.23788
1.15653
1.23551
1.37147
1.01831
1.16275
0.974399
1.32198
1.34834
1.04508
1.27241
1.18239
1.11697
1.16417
1.09981
1.029
1.24502
1.16226
1.13452
1.07838
1.07595
1.31697
1.02547
1.03233
1.17629
1.39821
1.38073
1.38073
1.34207
1.36749
1.37612
1.51153
1.40521
1.26558
1.55686
1.49696
1.2626
1.2911
1.36179
1.52107
1.48223
0.915556
1.24383
1.15515
1.33747
1.25766
1.32495
0.954732
0.996731
1.31426
1.27292
1.15987
1.14414
1.46837
1.21475
1.02596
1.02551
1.39644
1.38449
1.0689
1.01727
1.01649
1.3682
1.35287
1.01431
1.00242
1.01649
1.35957
1.38449
1.17763
1.24073
1.37589
1.12623
1.15653
1.07997
1.19622
0.98494
1.01831
1.39237
1.46978
1.34834
1.40133
1.06137
1.21661
1.29515
1.3954
1.35707
1.13895
1.38121
1.17455
1.3682
1.10959
1.02549
1.3988
1.1092
1.08803
1.02549
1.38121
1.08529
1.38121
0.943307
1.36031
1.52604
1.52345
1.52105
1.19299
1.441
1.27484
1.2207
1.12131
1.1995
1.26611
1.39718
1.27347
1.15515
1.27747
1.24457
