1.36673
1.47116
1.46635
1.36751
1.38889
1.30649
1.63861
1.44867
1.41402
1.42428
1.35531
1.49884
1.33258
1.34302
1.32411
1.31636
1.43503
1.57828
1.22169
1.43503
1.40077
1.43327
1.32215
1.42172
1.40077
1.2771
1.21417
1.23709
1.2771
1.21501
1.33668
1.20501
1.20501
1.23967
1.53365
1.30149
1.3814
1.1488
1.0365
1.19586
1.07045
1.0365
1.29651
1.4156
1.32168
1.35892
1.37142
1.32054
1.38773
1.38689
1.513
1.37142
1.50476
1.03453
1.25054
1.19151
1.38891
1.01797
1.24171
1.4123
1.42353
0.918953
1.38685
1.52539
1.53161
1.34898
1.49253
1.15807
1.15807
1.45709
1.13079
1.48827
1.45709
1.09377
1.39478
1.47447
1.15378
1.09791
1.47016
1.38018
1.45449
1.51096
1.40416
1.407
1.54554
1.54382
1.24978
1.44085
1.65052
1.53458
1.29551
1.28568
1.77223
1.31939
1.29772
1.38308
1.40293
1.47787
1.41637
1.36023
1.15525
1.47692
1.33168
1.15216
1.42656
1.15525
1.38809
1.43784
1.3447
1.43379
1.41287
1.30491
1.30649
1.35531
1.47065
1.49636
1.3165
1.3244
1.42563
1.38809
1.46179
1.31715
1.42405
1.4788
1.33318
1.43379
1.21792
1.13799
1.02147
1.14571
1.06218
1.36403
1.43453
1.31535
1.63779
1.66873
1.62534
1.20372
1.29743
1.38266
1.27421
1.34232
1.50745
1.04693
1.07529
1.18797
1.53182
1.1416
1.07529
1.14571
1.06218
1.36403
1.43573
1.42599
1.52785
1.34898
1.44142
1.28421
1.03453
1.12387
0.915909
1.0719
1.3726
1.24891
1.39043
1.25001
1.24253
1.45016
1.4492
1.31728
1.2465
1.51723
1.20067
1.47579
1.08407
1.31498
1.42599
1.51723
1.20067
1.49493
1.16071
1.48209
1.45527
1.29551
1.34456
1.31016
1.32534
1.4034
1.61606
1.49791
1.22358
1.39979
1.35311
1.73508
1.27402
1.25851
1.53048
1.60418
1.54534
1.33829
1.5629
1.2746
1.51072
1.59475
1.56877
1.28922
1.34456
1.7292
1.07341
1.45778
1.40894
1.42633
1.29181
2.22173
1.48814
1.27351
1.21242
1.54589
1.58144
1.5675
1.68445
1.62872
1.17641
1.31117
1.36951
1.28456
1.56522
1.4405
1.30905
1.69234
1.26419
1.55045
1.44914
1.74136
1.75917
1.58431
1.39944
1.06126
1.65211
1.83123
1.37652
1.60153
1.31037
1.3945
1.08433
1.73064
1.49524
1.73944
1.37955
1.49524
1.87233
1.8996
1.0302
1.20124
1.22052
1.33678
1.40977
1.10786
1.20044
1.22052
1.33678
1.40977
1.10786
1.19658
1.3183
1.32658
1.55778
1.07578
1.23355
1.08
1.45779
1.48227
1.84648
1.07578
1.95401
1.61743
1.29937
1.60267
1.26219
1.56418
1.65571
1.17052
1.10928
1.47531
1.27864
1.49036
1.46565
1.21986
1.19294
1.15036
1.3189
1.12107
0.651767
1.1666
0.849548
1.17725
1.44718
1.25217
1.35056
1.14433
1.39178
1.50247
1.44776
1.77113
1.35143
1.19419
1.64475
1.65489
1.34207
1.27676
1.27784
1.40977
0.98458
1.1175
1.71412
0.918917
0.98458
1.1175
1.68142
1.23597
1.32771
1.66576
1.01278
1.41782
1.31649
1.38105
1.18534
1.41529
1.55658
1.16087
1.25985
1.02792
1.02236
1.67422
1.08383
1.06165
0.806095
1.48672
1.15065
1.24676
1.40917
1.49426
1.62572
1.49418
1.25585
1.11237
1.28204
1.11386
1.58239
1.69895
1.40677
1.29662
1.38084
1.09412
1.15852
1.34086
1.43714
1.54721
1.21136
1.36619
1.63525
1.49344
1.58671
1.38672
1.48484
1.73471
1.27292
1.14702
1.57362
1.35697
1.18192
1.23908
1.81856
1.35035
1.35035
1.28336
1.21038
1.3758
1.51893
1.47101
1.3587
1.3587
1.60195
1.60195
1.98801
1.76833
1.35439
1.6765
1.64289
0.879674
1.05231
1.32826
1.41313
1.23399
1.26394
1.26394
1.20837
1.34867
1.34867
1.34867
1.42686
1.24891
1.27556
1.27556
1.29177
1.2379
1.74876
1.79678
1.20373
1.4573
1.40196
1.40196
1.36471
1.70123
1.53596
1.20235
1.66025
1.42681
1.42681
1.45095
1.28564
1.12061
1.38756
1.34518
1.02167
1.27466
1.1524
1.25449
1.23448
1.54805
1.27124
1.40521
0.778213
1.513
1.16464
1.63451
1.13919
1.21074
0.710303
1.59944
1.16728
1.39032
1.39032
1.63857
1.43477
1.23715
1.05537
1.22118
1.44612
1.16632
1.45471
1.3369
1.40494
1.26787
1.30281
0.572831
0.572831
1.56882
0.758001
0.765224
0.800616
1.03585
1.3081
1.23136
1.61468
1.84801
1.1595
1.12887
1.6148
1.6148
1.33938
1.61348
1.81873
1.88033
1.12094
1.70267
1.68113
1.42633
1.42633
1.24178
1.33489
1.40112
0.82938
1.23294
1.483
1.08963
1.17269
1.17269
1.49346
1.49346
0.983944
1.6729
1.6729
1.16281
1.67993
1.27958
1.41901
1.3243
1.28709
1.41205
1.02719
1.2192
1.18065
1.62022
1.40582
1.26674
1.24206
1.55004
1.67324
1.24993
1.30795
1.25245
0.961556
1.10942
1.40663
0.822963
0.832062
0.879904
0.876156
1.45794
1.16402
1.2293
1.08422
1.2584
1.36623
1.64066
1.51244
1.24764
1.3159
1.33968
1.22806
1.27822
1.37826
1.11951
1.51204
1.45763
1.41105
0.969236
1.13644
1.61828
1.54636
1.53067
1.66469
1.57734
1.53552
1.3533
1.36858
1.49677
1.44626
1.3533
1.50835
1.58557
1.51793
1.54002
1.53786
1.41814
1.18846
1.05127
0.886327
0.807695
1.10942
1.11258
1.3974
1.25033
0.840424
0.952636
1.19691
0.7917
1.13508
1.15513
1.28199
0.766408
0.899176
1.00857
0.962775
1.5074
1.41803
1.51216
0.79837
1.55966
1.83284
1.43766
1.01014
0.801903
1.26846
1.36273
1.42047
1.61477
1.33119
1.55937
1.17859
1.39661
1.36672
1.16397
1.40769
1.24194
1.20417
0.828045
1.15625
1.30816
1.53749
1.59994
1.2713
1.50736
1.33641
1.15503
1.16021
1.37262
0.922399
1.22878
1.25597
1.25234
1.42948
0.789695
1.12133
1.50975
1.29331
1.34266
1.51765
1.62822
1.36537
1.36537
1.59555
1.59354
1.37699
1.37699
1.45536
1.28639
1.42108
1.56002
1.30433
1.62254
1.3828
1.27887
1.59003
1.75979
1.40274
1.3066
1.35268
1.84708
1.54956
1.30862
1.2595
1.32153
1.48634
1.57971
1.16649
0.934306
1.16902
0.974293
0.913519
1.4088
1.56798
1.06341
1.31387
1.37815
1.6852
1.20694
1.67975
1.29451
1.19972
1.41357
1.27481
1.25752
1.28734
1.3274
0.937877
1.27287
1.28736
1.41368
1.57172
1.48884
1.59659
1.65836
1.35616
0.834695
1.37103
1.53743
0.714
0.810631
0.858589
1.22909
1.37176
0.854771
1.68257
1.34417
1.49178
1.38382
1.10746
1.35897
1.12766
1.11455
1.41954
1.43185
1.11248
1.08522
1.39467
1.68266
1.47919
1.1064
1.0246
1.02089
1.63117
1.11191
1.53129
1.48679
1.29411
1.21748
1.17848
1.78106
1.76631
1.50378
1.27803
1.20414
1.28354
1.63758
1.58006
1.36144
1.27803
1.4486
1.31101
1.44767
1.27086
1.27838
1.37194
1.27362
1.325
1.34374
1.32293
1.47276
1.01503
1.48807
1.04065
1.62283
1.82589
1.53184
1.3019
1.21351
1.53611
1.86417
1.16831
1.16131
1.39955
0.898711
1.1778
1.96748
1.36615
1.11732
1.39955
1.0913
1.37117
1.11732
1.39955
1.0913
1.46034
1.37117
1.0973
1.39955
1.26704
1.8248
0.966868
1.73988
1.5396
1.54472
1.41637
1.40096
1.38132
1.29633
1.54472
1.44772
1.40096
1.33042
1.31714
1.37057
1.21421
1.41632
1.34322
1.26497
1.30198
1.39544
1.61324
1.15515
1.42585
1.35623
1.87621
1.6518
1.61599
1.00414
1.10058
1.77244
1.38161
1.22872
1.0174
1.03303
1.52255
1.21177
1.58478
1.28788
1.3653
1.59398
1.02047
1.5204
1.25732
1.62428
1.56836
1.49899
1.60182
1.12878
1.2428
1.54193
1.16289
1.26605
1.67908
1.71445
1.55841
1.52758
1.37335
1.24597
1.35592
1.58476
1.06205
1.45019
1.4185
1.456
1.63727
1.52751
1.19515
1.35687
1.30077
1.6914
1.44052
1.08861
1.48918
1.38425
1.47769
1.57932
1.38453
1.48965
1.45336
1.36743
1.39033
1.46725
1.53678
1.48209
1.3004
1.11474
1.20175
1.53678
1.21264
1.31408
1.13958
1.13774
1.28408
1.44626
1.52298
1.45238
1.63007
1.5701
1.5916
1.59231
1.50676
1.45693
1.56633
1.56633
1.56633
1.07106
1.10407
1.20364
1.55706
1.45646
1.50662
1.47469
1.25753
1.0722
1.53643
1.69371
1.88887
1.98352
1.03589
1.04
1.04
1.47437
1.66413
1.66413
1.03105
1.07372
1.94618
1.10071
1.29982
1.57808
1.09032
1.58183
1.57539
1.57539
1.36359
1.38228
1.31081
1.39063
1.38133
1.61846
1.62245
1.42103
1.37512
1.55355
1.87383
1.72994
1.50128
1.50128
1.53566
1.39616
1.06047
1.16345
1.52081
1.48818
1.44892
1.11157
1.04026
1.36015
1.39136
1.39052
1.73112
1.14946
0.998229
1.39678
1.62669
1.66547
1.67334
1.76226
1.63138
1.53615
1.53638
1.56652
1.44257
1.15971
1.55672
1.55672
1.49145
1.66413
1.5814
1.17557
1.48501
1.53757
1.47665
1.72483
1.529
1.56279
1.29962
1.25991
1.74567
1.68694
1.42743
1.25893
1.56205
1.36584
1.08696
1.25893
1.6629
1.43763
1.56733
1.50744
1.36045
1.32442
1.30194
1.32442
1.32442
1.32423
1.44107
1.36378
1.36378
1.36378
1.37968
1.37429
1.20004
1.24709
1.25551
1.43357
1.54038
1.70306
1.2822
1.2972
1.24851
1.57834
1.70436
1.80107
1.2972
1.41691
1.19632
1.7435
1.4843
1.4843
1.13294
1.52266
1.47144
1.37255
1.13294
1.13294
1.32805
1.39819
1.51002
1.56616
1.32706
1.61097
1.18318
1.18166
1.40016
1.4461
1.45184
1.11742
1.278
1.54127
1.33512
1.43001
1.54127
1.54127
1.4835
1.28418
1.09941
1.4835
1.47794
1.35551
1.35501
1.57357
1.73117
1.6766
1.40858
1.14504
1.50863
1.10391
1.53273
1.15573
1.10391
1.44799
1.52277
1.69435
1.58449
1.65069
1.59704
1.75505
1.29532
1.282
1.32442
1.34952
1.61693
1.39714
1.54295
1.44712
1.24073
1.35532
1.56555
1.2986
1.34912
1.36558
1.5521
1.32442
1.34993
1.18555
1.64092
1.58543
1.32442
1.34993
1.31477
1.20479
1.52326
1.15836
1.23815
1.91756
1.16227
1.28698
1.16227
1.26223
1.7251
1.46406
1.38583
1.26429
1.70684
1.74525
1.41355
1.15704
1.39647
1.70684
1.81928
1.52326
1.15836
1.55024
1.42303
1.54127
1.29904
1.48242
1.33218
1.41181
1.33625
1.35564
1.65082
1.45061
1.42341
1.29614
1.18318
1.10149
1.56039
1.09941
1.18318
1.42808
1.54127
1.21028
1.50892
1.27355
1.51958
1.46279
1.74056
1.24578
1.53286
1.59606
1.45842
1.69525
1.51291
1.50695
1.67894
1.20365
1.60738
1.4266
1.55588
1.1791
1.61961
1.58231
1.53851
1.51451
1.41555
1.41016
1.48417
1.17876
1.28133
1.2584
0.9966
1.33289
1.29857
1.29857
1.36878
1.45645
1.54436
1.36728
1.36728
1.36728
1.42568
1.42568
1.30693
1.17935
1.2136
1.2136
1.24722
0.944097
1.40109
0.767733
1.15045
1.39964
1.39983
1.36203
1.07344
1.39755
1.39755
1.4041
1.41069
1.4095
1.39378
1.32705
1.23986
1.10059
1.39333
1.26498
1.55522
1.14515
1.46386
0.962275
1.48832
1.35446
1.41763
1.50441
1.27017
1.18962
1.28027
1.38241
1.42794
1.4604
1.47744
1.4227
1.4604
1.27595
1.28744
1.45255
1.42203
1.4746
1.3978
1.31038
1.51221
1.41811
1.27517
1.09388
1.5065
0.912649
0.836786
1.30639
1.47082
1.15412
1.16844
1.69508
1.23441
1.21945
1.67718
1.27696
1.15153
1.13715
1.4334
1.31968
1.37571
1.38593
1.53207
1.4334
1.25217
1.46585
1.38593
1.65937
1.14765
1.32357
1.34374
1.4539
1.3586
1.34506
1.27118
1.34071
1.12387
1.31968
1.34576
1.31213
1.26107
1.31968
1.33473
1.24591
1.07098
1.35813
1.41207
1.25781
0.871347
1.38033
1.35813
1.40441
1.58113
1.03023
0.809169
1.09705
1.38965
1.42687
1.45686
1.42687
1.16946
1.4609
1.30719
1.52747
1.29139
1.34057
1.38544
1.24658
1.4604
1.24065
1.06195
1.40212
1.47855
1.35423
1.28744
1.05338
1.13864
1.33586
1.2655
1.35195
2.04751
1.2406
1.50294
1.50534
1.4604
1.4746
1.3978
1.04207
1.64449
1.16518
1.27272
1.65446
1.28815
1.15412
1.22605
1.21382
1.2513
1.50919
1.40602
1.0489
1.3813
1.41792
1.0265
1.25656
1.6738
1.14602
1.09388
1.6065
1.52244
1.09822
1.34141
1.2295
1.517
1.41239
1.24385
0.999286
1.58008
1.12924
0.99647
1.03615
1.21725
1.5879
0.95644
1.08284
1.21725
1.28724
1.08404
1.04298
1.52924
1.14794
1.22117
1.2861
1.25412
1.25952
1.22458
1.21485
1.31004
1.03651
1.39306
1.07044
1.51046
1.57104
1.27445
1.32901
1.46312
1.2841
1.32901
1.34237
1.65181
1.52463
1.3771
1.09744
1.48757
1.6237
1.51336
1.66389
1.22551
1.73064
1.16635
1.23289
1.14609
0.753847
0.824399
0.708292
0.81863
0.783587
1.04937
1.04809
1.19629
1.45195
1.08007
1.23273
1.25647
0.951234
1.24585
0.958086
1.33497
1.01809
0.963638
1.00926
1.29745
0.90793
1.01112
1.16954
1.29848
1.17503
1.27272
0.842686
1.7836
1.00798
1.5672
1.79535
1.50544
1.17073
1.34301
1.34818
1.25553
1.4308
1.20328
1.23225
1.3078
1.29242
1.19801
1.42687
1.48735
1.2295
1.00264
1.01888
1.32936
1.32936
1.6277
1.51059
1.50089
1.61551
1.59896
1.55644
1.20602
1.39994
0.999217
1.0093
1.14504
1.36879
1.15066
1.39453
1.24385
1.01854
1.33425
1.2126
1.21462
1.40858
1.31297
1.4283
1.51077
1.41742
1.50881
1.44521
1.44521
1.6477
1.18856
1.58205
1.51534
1.25024
1.26586
1.40552
1.29365
1.54386
1.44839
1.328
1.83775
1.38024
1.22861
1.52725
1.78027
1.4468
1.78212
0.858808
0.88213
1.25647
0.909345
0.738556
1.41826
1.34781
1.43948
1.20075
1.24532
1.21148
1.39416
1.39332
0.795913
1.65268
0.975214
1.05705
0.897627
1.24585
0.922963
0.737341
1.33552
1.12651
1.45947
1.47423
1.22495
1.04247
1.38108
0.934085
1.16075
1.40714
1.49535
0.724239
0.876444
1.5117
1.23825
1.29089
1.18701
0.80714
1.37362
1.16169
1.5431
1.0782
1.31004
1.81145
1.19947
1.09894
1.11609
1.0782
1.64175
1.81145
1.19947
1.0985
1.10709
1.49211
1.55782
1.16334
1.10058
1.3387
1.43399
1.50273
1.15544
1.0064
1.01478
1.10332
1.64681
1.60497
1.23252
1.50815
1.11587
1.39376
1.15382
1.22032
1.50815
1.21115
1.39376
1.28331
1.21571
0.937933
1.44772
1.57834
1.33809
1.0538
1.64953
1.39897
1.3884
1.62468
1.04442
1.2855
1.37774
1.27087
1.29348
1.03128
1.2855
1.46407
1.3582
1.29654
0.857263
1.50237
1.65909
1.35011
1.10816
1.30229
1.25587
0.991325
1.7832
1.39387
1.56306
1.36309
1.08125
0.898258
1.49047
1.05397
1.33749
1.15723
1.05397
1.33749
1.4789
1.15723
0.901315
1.33749
1.32172
1.54374
1.66369
0.910754
1.20264
1.30814
1.56
1.19827
1.11594
1.38317
1.30873
1.34311
1.56
1.19827
1.11594
1.38317
1.34268
1.34311
1.37105
1.38295
1.41887
1.35535
1.32262
1.40052
1.31509
1.62206
1.37135
1.41008
1.55902
1.57468
1.49119
1.309
1.84368
1.14872
1.21589
1.85242
1.38216
1.58864
1.47631
1.01559
1.10134
1.16804
1.77771
1.1223
1.02562
1.03279
1.23341
1.1383
1.46835
1.27857
1.26651
1.23341
1.1927
1.35292
1.27857
1.47654
1.58292
1.74741
1.57149
1.44578
1.3682
1.68878
1.1476
1.2213
1.81191
1.77123
1.55489
1.66205
1.50575
1.64161
1.72538
1.70427
1.53271
1.64737
1.51222
1.57107
1.61048
1.36948
1.35795
1.1761
1.20657
1.53413
1.53001
1.35081
1.56786
1.44068
1.31834
1.37016
1.25062
1.55797
1.29607
1.32649
1.20198
1.41199
1.41199
1.41784
1.55655
1.68484
1.56367
1.19543
1.22031
1.43851
1.43851
1.53073
1.38914
1.4778
1.32331
1.19781
1.10855
1.17224
1.25774
1.28552
1.56339
1.36194
1.25735
1.13438
1.13438
1.28396
1.31291
1.59804
1.50791
1.60442
1.21248
1.82558
1.46101
1.46101
1.53498
1.50314
1.06389
0.94965
1.48842
1.72086
1.32205
1.46384
1.50193
1.81273
1.42149
1.23429
1.56842
1.64623
0.957598
0.957598
0.950263
0.968505
1.51891
1.51891
1.8952
1.98965
1.33228
1.27904
1.27904
1.27904
1.20633
1.32025
1.29902
1.86928
1.10552
0.902359
1.45587
1.41312
1.16771
1.11379
1.59875
1.40708
1.33947
0.902727
1.34969
1.17153
1.50737
1.52856
1.58969
1.47293
1.36998
1.34126
1.45287
1.42617
1.27016
1.61207
1.53561
1.61948
1.23743
1.35647
1.7653
1.3157
1.59198
1.41179
1.91315
1.89222
1.4776
1.4776
1.50651
1.30699
1.50953
1.24804
1.36069
1.35376
1.36058
1.40823
1.325
1.43306
1.23014
1.18002
1.41941
1.41941
1.35221
1.41138
1.25872
1.20513
1.05462
1.05462
1.65686
1.36415
1.492
1.49211
1.59134
1.46859
1.50739
1.50739
1.34399
1.69371
1.69371
1.76621
1.32551
1.09564
1.61367
1.37334
1.33412
1.70847
1.64008
1.44362
1.36955
1.25787
1.68666
1.61852
1.60919
1.60095
1.32336
1.50042
1.15964
1.17348
1.12899
1.14867
1.44113
1.1236
0.915024
1.50053
0.915024
1.51172
1.2941
1.44395
1.29927
1.13802
1.28394
1.23233
1.10514
1.15388
1.1545
1.08009
1.13448
1.26063
1.37573
0.936111
1.2879
1.17807
1.14152
1.5004
1.3469
1.43305
1.36582
1.33739
1.23359
1.41875
1.20624
1.27123
1.16813
1.13284
1.10265
1.1614
1.32939
1.17595
1.12315
1.07689
1.11443
1.46918
1.22116
1.17154
1.41612
1.46294
1.11851
1.56545
1.5774
1.65466
1.38313
1.15986
1.38313
1.33628
1.30099
1.48548
1.55603
1.14819
1.57355
1.35521
1.34163
1.36071
1.28094
1.30265
1.37323
1.39023
1.51502
1.48915
1.4801
1.59394
1.26169
1.41507
1.26169
1.49331
1.38844
1.36156
1.54688
1.38844
1.40832
1.38511
1.11582
1.14867
1.44582
1.17344
1.16373
1.55948
1.07595
1.06927
1.48126
1.2941
1.15388
1.08171
1.46135
1.20987
1.17348
1.33382
1.13134
1.1236
1.42322
1.31548
1.09097
1.42986
1.13594
1.13543
1.15264
1.34775
1.26099
1.39624
1.33261
1.52643
0.961424
1.33307
1.22693
1.16932
1.18701
1.28553
1.41322
1.45742
1.21068
1.27867
1.15604
1.16035
1.25289
1.414
1.07618
1.10036
1.28134
1.33014
1.28935
1.53786
1.002
1.0147
1.59401
1.13295
1.56465
1.51754
1.30648
1.3375
1.25828
1.11509
1.35232
1.36982
1.35584
0.999099
1.37689
1.60234
1.4927
1.3606
1.50007
1.51173
1.20183
1.35117
1.35427
1.54438
1.32277
1.35232
1.49032
1.36484
1.33128
1.24903
1.35232
1.46727
1.00171
1.31977
1.31352
1.53658
1.50688
1.43734
1.22731
1.64966
1.33836
1.67305
1.67305
1.06891
1.35507
1.21605
1.07525
1.07525
1.07525
1.40205
1.46045
1.09978
1.43925
1.23139
1.19928
1.26353
1.23689
0.964961
1.38661
1.48056
1.07556
1.20364
1.11517
1.10526
0.913514
1.49284
1.31347
1.63776
1.29393
1.14251
0.96713
1.15017
1.27492
1.31385
1.11693
1.30034
1.21191
1.35183
1.25019
1.29526
1.47511
1.14777
1.18615
1.40296
1.44954
1.61878
1.36088
1.27484
1.17917
1.19637
1.05913
1.06611
1.37015
1.44728
1.31783
1.14988
1.21144
1.14285
1.46308
1.22915
1.02204
1.13822
0.98579
1.24044
1.21782
1.07401
1.05488
1.28293
1.36247
0.956803
1.38519
1.24294
1.19405
1.15776
1.32462
1.26114
1.07504
1.36807
1.3429
1.29947
1.33097
1.35322
1.32824
1.26493
1.37122
1.14655
1.3085
1.37417
1.17061
1.65538
1.17061
1.47859
1.6391
1.14606
1.12298
1.12701
1.40999
1.01748
1.16819
1.34914
1.52007
1.05468
1.58635
1.55789
0.987785
1.16459
1.54471
1.31854
1.62596
1.40804
1.26464
1.19683
1.14961
1.23224
1.37212
1.23205
1.18032
1.33829
1.37797
1.28096
1.17335
1.21006
1.47822
1.22959
1.30749
1.42742
1.35918
1.50899
1.40316
1.31693
1.28708
1.4805
1.32309
1.37581
1.09779
1.24479
1.17768
1.17523
1.37497
1.61606
1.05491
1.13391
0.848131
1.37702
1.17781
1.16936
1.11887
1.10498
1.06785
1.15479
1.12849
1.06919
1.0828
1.0904
1.29229
1.25784
0.935673
1.1741
1.30576
1.20834
1.61297
1.25157
1.44276
1.24217
1.32922
1.48826
1.2151
1.18664
1.14544
1.282
1.5709
1.24848
1.13235
1.1381
1.33782
0.916292
1.26253
1.17135
1.59179
1.29234
1.30498
1.12787
1.21046
1.32046
1.45063
1.67613
1.36605
1.3807
1.26452
1.45063
1.43184
1.27459
1.23676
1.42262
1.50387
1.56429
1.44611
1.42205
1.38194
1.35505
1.37283
1.53234
1.60842
1.34512
1.28013
1.27251
1.01948
1.3084
1.29833
1.23954
1.24883
1.23954
1.08763
1.10573
1.67385
1.4803
1.43196
1.26638
1.2237
1.23768
1.31957
1.55362
1.33954
1.30163
1.15699
1.59657
1.20281
1.21538
1.54836
1.56552
1.22326
1.14022
1.23506
1.33613
1.69271
0.96576
1.17664
1.50761
1.68137
1.75608
1.47345
1.07949
1.5057
1.43262
1.50339
1.24552
1.45355
1.16854
0.80893
1.36128
1.18092
1
1.4265
1.13958
1.48971
1.11986
1.16962
0.882237
1.26112
1.43481
1.2257
1.16417
0.961323
1.12662
1.1735
1.19665
0.794398
1.2543
1.21528
1.57721
1.69943
1.39708
1.39596
1.46589
1.43985
1.4104
1.526
1.60591
1.62783
1.31565
1.30146
1.34138
1.44771
1.54333
1.29295
1.6111
1.59019
1.3124
1.68002
1.41631
1.60211
1.58504
1.28211
1.23157
1.68644
1.34603
1.45589
1.24669
1.46416
1.23163
1.24238
1.19598
1.16492
1.24998
1.40648
1.2343
1.20786
0.908485
0.874674
1.34313
1.12819
1.53849
1.50064
1.55884
1.52482
1.62516
1.64172
1.39532
1.64821
1.31656
1.35485
1.04074
1.3126
1.34569
1.20521
1.32293
1.33997
1.3871
1.20309
0.898019
0.927967
1.44308
1.30591
1.30052
1.5154
1.46702
1.16229
1.05264
1.10017
1.10017
1.10045
1.29235
1.11195
1.38647
1.38108
1.53513
1.40255
1.25719
1.45622
1.06903
1.20871
1.34898
1.38219
1.22751
1.27815
1.29803
1.42501
1.33992
1.51143
1.00941
1.07838
1.21074
1.48755
1.10847
1.36807
1.14595
1.16367
1.42743
1.29183
1.37403
1.42448
1.27251
1.3226
1.42697
1.46236
1.32032
1.48643
1.19442
1.11675
1.14791
1.1725
1.39388
1.31112
1.48406
1.03585
1.59698
1.19106
1.60977
1.18738
1.03766
1.12837
1.52043
1.18257
1.36721
1.06241
1.45187
1.33241
1.32999
1.56811
1.53568
1.55786
1.10191
1.35451
1.10533
1.11591
1.10017
1.22045
1.41977
1.3998
1.55074
1.06791
1.40255
1.38656
1.38108
1.06202
1.08043
1.22015
1.30474
1.3216
1.39706
1.1566
1.25605
1.04212
1.43275
1.38504
1.21626
1.35301
1.52293
1.37952
1.38557
1.15152
1.38292
1.33927
1.31843
1.15419
1.47857
1.33277
1.10659
1.47684
1.09018
1.03141
1.25326
1.08553
1.41989
1.42697
1.04273
1.48619
1.15854
0.994938
1.51034
1.24121
1.3341
1.45484
1.61348
1.38265
1.27596
1.23607
1.24513
1.24259
1.41586
1.03332
1.44953
1.02
1.00827
1.49908
1.05288
1.10237
1.68691
0.980417
1.0083
1.05288
0.98067
1.07977
1.38576
1.23344
1.00856
1.49271
1.32532
1.23344
1.02036
0.971096
1.1045
1.16965
1.34243
1.67238
1.21294
1.02694
1.35819
1.5181
1.04946
1.03081
1.72536
1.02528
1.39857
0.888716
1.71674
0.885559
0.958245
0.718805
1.31644
1.06242
1.47475
1.05221
1.00005
1.05371
0.980512
1.1366
1.47962
0.810587
1.30262
0.792798
1.27793
1.58063
1.78561
1.30262
0.792798
1.07367
1.51552
1.29717
1.38175
1.39845
1.42006
1.63335
1.29717
1.4193
1.39845
1.42006
1.63335
1.35283
1.17339
1.39745
1.52875
1.37429
1.32991
1.59378
1.48458
1.19478
1.11851
1.05524
1.44561
1.32878
1.34613
1.4459
1.46064
1.01881
1.03651
1.08851
1.45921
1.46064
1.10047
0.983617
1.03266
1.61578
1.14962
1.11543
1.89544
1.20558
1.38798
1.53203
1.06599
1.09301
1.24098
1.10365
1.38667
1.55138
1.57844
1.21159
1.85788
1.50869
1.1053
1.41483
1.38892
1.16107
1.16058
1.3963
1.1802
1.1802
0.994756
1.28931
1.44943
1.21008
1.03496
1.06728
0.981123
1.16908
1.13323
1.05245
1.00283
1.47302
1.47526
1.18439
1.11235
1.5229
1.0028
1.02533
1.1028
1.1028
1.26684
1.30169
1.34584
1.04153
1.01991
1.08082
1.12858
1.314
1.43612
1.4376
1.06472
1.06472
1.07148
1.05026
1.3537
0.858764
1.02736
1.7473
1.56655
1.61302
0.856856
0.993182
0.715636
1.22727
1.07362
1.40643
1.35464
1.26808
1.36615
1.26447
1.26447
1.26447
1.07936
0.865029
1.15487
0.93256
1.41188
0.942334
1.04359
1.51947
1.57771
1.39455
1.39455
1.44504
1.18653
1.6199
1.25776
1.15115
1.37684
1.12285
1.31234
1.28052
1.49976
1.30754
1.30754
1.30754
1.6097
1.54338
1.45364
1.45364
1.02204
1.0625
1.52479
1.52479
1.56469
1.29858
1.0655
1.06472
1.21655
1.0877
1.25632
1.07721
1.33031
1.40705
1.36467
1.10627
1.49511
1.53545
1.53545
1.1413
1.35392
1.33057
1.12912
1.12963
1.06478
1.0763
1.56203
1.346
1.51212
1.51217
1.22742
1.49083
1.10594
0.799309
1.27024
1.3904
1.31186
0.751626
1.41155
1.2483
1.26859
0.94294
1.14528
1.18436
1.32628
1.29672
0.817268
1.42945
1.23301
0.971003
0.847191
1.13389
1.13474
1.02692
1.29585
1.31066
1.13669
1.13474
1.20813
1.24826
1.2304
1.47153
1.28527
1.28742
1.35217
1.2099
1.22732
1.09005
1.03469
1.53341
1.29333
1.01896
1.06614
0.966273
1.4313
1.42529
1.58776
1.28838
1.57301
1.04653
1.508
1.23295
1.55048
1.09064
1.09772
1.50157
1.5766
1.58441
1.21496
1.64643
1.34387
1.40617
1.28054
1.29985
1.21722
1.41
1.32925
1.41238
1.32857
1.35503
1.42887
1.3123
0.94294
1.37231
1.472
1.3796
1.2483
1.21123
1.32266
1.10594
0.7585
1.32055
1.15946
0.801959
0.751626
1.6381
0.971003
0.810827
1.43978
1.31312
1.3184
0.781813
1.265
1.56338
0.977671
0.811552
1.09575
1.21702
1.42715
1.09476
1.12738
1.13284
1.28958
1.5078
1.52156
1.31066
1.28527
1.26851
1.19881
1.25208
1.24506
1.06021
1.09575
1.22323
1.20952
1.07146
1.36265
1.1226
1.51259
1.55946
1.17171
1.11835
1.09785
1.33096
1.56442
1.14276
1.26408
1.21146
1.20797
1.29499
1.48151
1.28533
1.64643
1.28531
1.19241
1.5964
1.37908
1.41905
1.5863
1.21249
1.30925
1.25164
1.33397
1.49551
1.16807
1.1684
1.42775
1.28522
1.23166
1.42319
1.06739
1.03478
1.07021
1.5629
1.22154
0.92648
1.0684
1.13677
0.930905
1.05238
1.18788
1.13098
1.1234
1.39001
1.12292
1.4656
1.11026
1.05627
1.25455
1.37663
1.52299
1.37256
1.45776
1.20428
1.28878
1.29749
1.23587
1.48594
1.5146
1.06272
1.21974
1.24419
1.18112
1.34193
1.3402
1.24133
1.37786
1.37415
1.19511
1.48675
1.05072
1.41277
1.48947
1.14279
1.19961
1.34723
1.43455
1.35694
1.05426
1.23973
1.4748
1.36133
1.55227
1.02835
1.32068
1.29502
1.26349
1.45323
1.28209
1.33177
1.17736
1.33692
1.3418
1.23973
1.0866
0.95852
1.18741
1.17845
1.40214
1.30533
1.05293
1.31778
1.06019
1.20742
1.30487
1.22581
1.33351
1.22801
1.07021
1.17056
1.22801
1.37116
1.1035
1.32626
1.25533
1.14224
1.08887
1.26206
1.1842
1.25802
1.46814
1.30367
1.34055
1.48453
1.36427
1.31745
1.3234
1.14544
1.27126
1.41801
1.23473
1.26279
1.22632
1.14772
1.24022
1.19082
1.35188
1.50961
1.17778
1.31182
1.5829
1.44919
1.18177
1.46894
1.58844
1.43618
1.55984
1.3706
1.3411
1.15642
1.18477
1.26403
1.41963
1.31722
1.2915
1.20585
1.24472
1.38978
1.35503
1.17393
1.65574
1.1586
1.31438
1.52387
1.10238
1.18397
1.32895
1.18508
1.27706
1.18846
1.38293
1.33023
0.792334
1.50444
1.49697
1.31662
1.40356
1.00341
1.0751
1.42088
1.00277
0.643773
0.705728
0.605771
0.71783
0.812915
0.906275
0.857105
0.866387
1.32864
1.07099
1.16757
1.4044
1.53762
1.32941
1.53984
1.33844
1.32295
1.16404
1.35921
1.17382
1.32295
1.11492
1.03421
1.31799
1.27719
1.11868
1.21485
1.34194
1.22995
1.11503
1.4258
1.48262
1.00167
1.20561
1.4421
1.48364
0.989578
1.34988
1.43529
1.40549
1.29758
1.3289
1.23247
1.48458
1.57163
1.20293
1.20482
1.48013
1.28616
1.14593
1.34019
1.4134
1.4076
1.12391
1.25516
1.32265
1.43478
1.3532
1.38318
1.03604
1.44624
1.14478
1.52316
1.22346
1.39283
1.33467
1.5095
1.55382
1.0522
1.16424
1.38638
1.48348
1.42854
1.10288
1.17936
1.15056
1.19003
1.36132
1.40142
1.16175
1.08642
1.43739
1.39141
1.16555
1.1652
1.26064
1.34698
1.24537
1.48856
1.29815
1.43068
1.4534
1.56152
1.57227
1.4045
1.36211
1.55803
1.11798
1.37392
1.4732
1.12629
1.20284
1.58829
1.5156
1.50759
1.19582
1.38323
1.45146
1.27526
1.31321
1.63812
1.36174
0.71505
0.723716
0.991602
0.908596
1.24117
1.50532
1.50532
1.50532
1.38715
0.92408
0.654015
1.50532
1.14463
1.15576
0.682418
1.47359
0.949622
1.12877
1.26129
1.2106
0.885849
0.945474
1.05398
1.18441
1.27663
1.45144
1.55862
1.44354
0.989512
0.734297
0.905438
0.943991
1.11504
1.33727
1.31602
1.29528
1.12222
1.52648
1.32527
1.23222
1.36006
1.17742
1.23588
1.36399
1.36534
1.15401
1.43491
1.42564
1.25442
0.929576
1.12165
1.38358
1.37005
1.34278
1.38447
1.216
1.32098
1.55771
1.45314
1.68992
1.49079
1.49079
1.33797
1.29528
1.5311
1.78394
1.25535
1.44128
1.13181
1.05543
1.23917
1.46528
1.14704
1.36356
1.36211
1.44618
0.930338
1.00125
1.25886
1.6671
1.06373
1.17579
1.19798
1.55578
1.53341
1.42257
1.37915
1.32736
1.04669
1.08421
1.36385
1.56067
1.32069
1.05961
1.37531
1.46858
1.43622
1.45253
1.24232
1.22368
1.18244
1.55083
1.65459
1.41019
1.4465
1.01936
1.31121
1.36151
1.57243
1.25537
1.33673
1.21643
1.21643
1.3649
1.3649
1.38775
1.20906
1.47233
1.26461
1.26984
1.38546
1.40448
1.42537
1.37905
1.35348
1.40438
1.48213
1.08978
1.31873
1.58249
1.58434
1.48213
1.31864
1.32682
1.41345
1.08343
1.51477
1.34213
1.31864
1.32682
1.23858
1.09168
1.41854
1.36884
0.93793
1.42831
1.22362
1.03246
1.13489
1.55117
1.30055
1.42607
1.06539
1.50605
1.35787
1.2583
0.978176
1.08943
1.18532
1.61698
1.07
1.5284
1.23829
1.20417
1.37743
1.36467
1.35259
1.40806
1.23829
1.51344
1.12905
1.35259
1.21665
1.43642
1.11251
1.28668
1.48296
0.943401
1.32682
1.12758
1.51477
1.42366
1.6093
1.25166
1.50553
1.40315
1.00808
1.58099
1.25166
1.34721
1.00808
1.17701
1.52976
1.33393
1.33057
1.43104
1.36607
1.05281
1.67531
1.47566
1.23157
1.1228
1.55874
1.14879
1.12163
1.40897
1.25729
1.34917
1.02404
1.00573
1.51459
1.25383
1.00765
1.22141
1.28522
0.997212
1.31118
1.35807
1.42261
0.97011
1.46667
1.19263
1.57254
1.17247
0.989146
1.2905
1.17061
1.15294
1.27104
1.35237
1.597
1.2905
1.17096
1.15294
1.27104
1.35237
1.4529
1.2905
1.28925
1.08118
1.33921
1.41421
0.918557
1.3942
1.35572
1.15294
1.38966
1.35704
1.23962
1.24432
1.4803
1.58959
1.37312
1.26791
1.28264
1.63623
1.35697
1.38394
1.4825
1.27118
1.26347
1.48206
1.34421
1.26452
1.2738
1.12671
1.57313
1.21617
1.21149
1.18806
1.45172
1.04367
1.07956
1.22759
1.30472
1.1444
1.27104
1.35237
1.597
1.62166
1.48825
1.59819
1.30265
1.41795
1.03683
1.57604
1.59819
1.30265
1.41795
1.28985
1.56862
1.60024
1.30265
1.38512
1.3823
1.16
1.38247
1.31318
1.37351
1.46063
1.40331
1.44421
1.25362
1.41405
1.1151
1.49065
1.37444
1.6207
1.25555
1.32763
1.42793
1.51112
1.37777
1.29561
1.37139
1.53672
1.82937
1.53285
0.878275
1.25179
1.34693
1.54874
1.28351
1.612
1.30265
1.41795
1.32434
1.43746
1.47372
1.45147
1.19853
1.19853
1.39315
1.25452
1.25452
1.43131
1.21955
1.36527
1.72598
1.53184
1.25408
1.53937
1.51285
1.53567
1.10239
1.43895
1.45894
0.93067
0.926382
1.16663
1.16427
1.22995
1.22995
1.22747
1.18256
1.17814
1.08315
1.07635
1.1294
1.13654
1.15801
1.15801
1.15801
1.07545
1.43142
1.02654
1.15571
1.19387
1.19387
1.20389
1.15045
1.15031
1.15987
1.48026
1.15045
1.35572
1.39433
1.32929
1.81107
1.39714
0.891418
0.908233
1.24049
1.41224
1.47186
1.39556
0.948328
1.21377
1.18845
1.19223
1.66269
1.52935
1.57441
1.23469
1.08606
1.05467
1.16782
1.34104
1.34104
1.34104
1.47792
0.975262
1.40126
1.50618
1.50826
1.35798
1.28927
1.32327
1.33412
1.13911
1.41763
1.05612
1.44704
1.3313
1.3466
1.35289
1.53387
1.04688
1.04688
1.06368
1.23469
1.36269
1.31102
1.31102
1.11095
1.25186
1.25186
1.33493
1.38928
1.12744
1.26218
1.39745
1.62231
1.30098
1.30098
1.30098
1.28361
1.28442
1.35971
1.31077
1.30098
1.15272
1.15272
1.15272
1.15272
0.890893
1.29823
1.6352
1.56272
1.44567
1.15079
1.40009
1.41648
1.40009
1.52289
1.37832
1.36462
1.30864
1.22359
1.17992
1.41648
1.54243
1.54243
1.54243
1.67374
1.74468
1.40544
1.35075
1.18997
1.17365
1.54243
1.60519
1.60519
1.632
1.45456
1.41657
1.4321
1.11957
1.21743
1.22759
1.60519
1.12143
1.01196
1.38648
1.43402
1.49152
1.41577
1.53699
1.35214
1.32025
1.13898
1.59343
1.69404
1.64769
1.27424
1.27066
1.36582
1.20716
1.21566
1.54971
1.31527
1.34455
1.40631
1.46131
1.54316
1.25298
1.6285
1.6285
1.59894
1.54717
1.56862
1.53949
1.61203
1.29993
1.30265
1.30265
1.3796
1.4682
1.50174
1.30099
1.3733
1.3733
1.38259
1.37787
1.06019
1.14273
1.21201
1.87645
1.38512
0.857665
1.17803
1.47402
1.18081
1.36109
1.28476
1.28304
1.2444
0.781943
0.88436
0.815052
1.14334
1.19361
1.18272
1.40294
1.37103
1.29775
1.40758
1.33569
1.28496
1.27428
1.39818
1.29728
1.25588
1.43585
1.24432
1.25601
1.484
1.58842
1.44146
1.15558
1.57403
1.38996
1.50312
1.14776
1.64446
1.66808
1.16065
1.28627
1.35388
1.43482
1.32586
1.37831
1.30856
1.55243
0.931803
1.3658
1.2073
1.07718
1.44836
1.25208
1.14011
1.28406
1.25235
1.41043
1.2925
1.21017
1.287
1.28406
1.28365
1.2792
1.34003
1.45641
1.18917
1.28329
1.05549
1.34455
0.980977
1.15179
1.36635
1.08299
0.859093
1.23199
1.20346
1.39262
1.11968
1.34946
1.43296
1.12118
1.46772
1.52765
1.40778
0.808267
0.822534
1.41967
1.39373
1.46373
1.17067
1.26432
1.0971
1.0971
1.04937
1.5438
0.863719
0.879113
1.4185
1.49278
0.83713
0.821005
1.43516
1.28494
1.23178
1.05021
1.78168
1.27631
1.27631
1.28798
1.09157
1.21787
1.24819
1.66931
1.04139
1.40758
1.42931
1.51426
1.74382
1.7057
1.3361
1.29117
1.08663
1.76503
1.66257
1.0405
1.29843
1.20841
1.25707
1.31416
1.02359
1.45351
1.2394
1.3962
1.48853
1.25368
1.33194
1.3679
1.37837
1.42594
1.35524
1.38761
1.18055
1.24522
1.07195
1.05561
1.0719
1.04072
1.32811
1.41613
1.41491
1.27799
1.43736
1.40048
1.34726
1.34508
1.63169
1.73376
1.67547
1.56917
1.29441
1.24213
1.67832
1.60834
1.33118
0.820226
0.820226
1.29341
1.1132
1.05735
0.977176
1.23618
1.19721
1.1714
0.87378
1.08936
1.10291
1.01909
1.04582
0.967197
1.00451
1.4213
1.03649
1.02744
1.04582
1.08906
1.15089
1.103
1.03498
1.02577
1.20161
1.38905
1.12351
1.04778
1.02049
1.26017
1.20161
0.924334
1.52803
1.11744
1.21698
1.3582
1.00605
1.368
1.34207
1.38001
1.30175
1.1228
1.58453
1.10606
0.970773
1.30175
0.928324
1.26953
1.1385
1.11152
0.944781
0.892477
0.705537
1.5297
1.46162
1.11401
1.7174
1.45944
1.32794
0.949294
1.254
1.00196
1.16502
1.19903
0.965204
1.51517
1.4243
1.31659
1.19903
1.48647
1.50095
1.3811
1.23928
1.41865
1.38479
1.41774
1.26308
1.39996
1.00877
1.41865
1.38479
1.42637
1.35442
1.23653
1.57415
1.52093
1.44052
1.15254
1.05299
1.12964
1.38751
1.2344
1.02463
1.6567
1.27609
1.2329
1.14769
1.44187
1.34351
1.10321
0.993407
1.064
1.162
1.51743
1.49777
1.25411
1.36353
1.39433
1.31288
1.4051
1.46621
1.5012
1.40173
1.1168
1.4721
1.4163
1.20387
1.42476
1.56502
1.08707
1.08707
1.08392
1.42505
1.37293
1.45043
1.11293
1.04104
0.897781
1.20456
1.07051
1.04049
1.52894
1.14704
1.00665
1.07106
1.11495
1.11495
1.01887
1.02492
1.03152
1.09215
1.32609
1.10871
1.11771
1.01811
1.04013
1.52169
1.35523
1.35201
1.2835
1.35672
0.888707
0.905721
1.40567
1.27446
1.21048
1.30011
0.721543
1.46143
1.33354
1.00236
1.5408
1.30142
1.45281
1.31831
1.26062
0.920709
0.845314
1.47377
1.34128
1.3925
1.50737
0.964352
1.22006
1.21792
1.48314
1.43079
0.950032
0.974109
0.974109
1.08696
0.927246
1.36985
1.14344
1.51732
1.379
1.15012
1.33145
1.29876
1.37718
1.42681
1.12405
1.36418
1.3167
1.3056
1.27886
1.3056
1.22294
1.29558
1.3211
1.25839
1.25839
0.949814
0.931572
1.2821
1.24728
1.67889
1.10753
0.970798
1.3143
1.29038
1.57955
1.003
1.12869
1.08345
1.54793
1.53647
1.49612
1.19665
1.23135
1.26287
1.3656
1.65518
1.65518
1.36402
1.13038
1.31866
1.54537
1.5343
1.41548
1.35777
1.20198
1.33061
1.22688
1.35441
1.32436
1.48666
1.38081
1.36109
1.39875
1.43641
1.48562
1.2691
1.42518
1.31004
1.1903
1.2424
1.1903
1.23168
1.14527
1.23754
1.53612
1.28129
1.27009
1.12699
1.64781
1.18637
0.959098
1.34591
1.66129
1.34302
1.30592
1.66162
1.50887
1.30431
1.84052
1.35191
1.44932
1.35191
1.26459
1.04286
1.04286
1.27798
1.34633
0.974875
0.798697
0.971215
1.25099
0.722583
1.0099
0.946623
1.38279
1.37672
1.30569
0.918284
1.37391
1.38481
1.24383
0.896509
1.3466
1.37513
1.32259
0.853822
1.27722
0.944439
0.907933
1.43009
1.01844
0.969439
1.33582
0.812201
1.51783
1.04139
1.14845
0.884899
1.1338
0.894177
1.29136
1.44044
1.43943
0.952969
0.885568
1.77994
1.45013
0.931878
0.89701
1.24297
1.13833
1.37308
1.28269
1.22581
1.25024
1.35147
0.967549
0.988676
1.34568
1.37979
1.22789
1.50132
0.990898
1.04734
1.29704
1.17915
1.35508
1.64926
1.71127
1.27049
1.24757
1.24579
1.12166
1.63335
1.63335
1.55243
1.364
1.14431
1.55053
1.19206
0.949037
1.10582
1.49511
1.29498
1.43139
1.60628
1.20851
1.40358
1.53602
1.60381
1.36249
0.815643
0.964687
1.08175
1.36964
1.33565
0.844581
0.941016
0.826171
1.04286
0.974875
0.974875
1.12153
1.64338
1.30254
1.2984
1.08539
0.918284
1.31857
0.907248
0.982396
0.962991
1.08175
1.3159
1.2891
0.868094
1.25601
1.70697
1.51783
1.25953
1.32687
1.13901
1.46133
1.51632
1.2325
0.847343
1.02948
1.13495
1.42737
1.33472
1.29477
1.03289
1.20331
1.21237
1.28142
1.07482
1.16516
1.07634
1.14457
1.14905
1.0293
1.05718
1.14099
1.14748
1.147
1.05784
1.27851
1.39256
1.15053
1.14748
1.147
1.47693
1.17655
1.13356
1.14846
1.07618
1.36678
1.41166
1.21934
1.18694
1.03618
1.45969
1.62002
1.21934
1.14445
0.992564
1.45969
0.986564
1.17192
0.991466
1.67204
1.62104
1.62023
1.02737
1.16541
0.971188
1.47753
1.58019
0.996818
1.3982
1.50784
1.48359
1.11292
1.72878
0.931066
1.26519
1.41207
1.49298
1.26155
0.837624
1.42982
1.42084
1.43098
1.66803
1.41052
1.14089
1.47343
1.57401
1.21819
1.398
1.57797
1.46836
1.45576
1.31746
1.398
1.55451
1.45576
1.31746
1.398
1.48631
1.03601
1.30567
1.398
1.4995
1.37102
1.25969
1.27846
1.26902
1.60584
1.46133
1.48654
1.16092
1.15935
1.13027
1.3308
1.12983
1.16911
1.34344
1.43153
1.41767
1.35897
1.14004
1.06665
1.43153
1.41767
1.46821
1.18146
1.42005
1.33491
1.28559
1.21983
1.46433
1.33547
1.06938
1.64437
1.38667
1.35404
1.02192
1.51459
1.47458
1.40227
1.41415
1.39454
1.39063
1.52635
1.12052
1.30178
1.48925
1.10931
1.38226
1.32445
1.32674
1.30971
1.18713
0.941077
1.27413
1.32674
1.3417
1.29995
1.25822
0.929998
1.35173
1.34202
1.31221
1.02985
0.990444
1.30704
1.24662
1.36852
1.21857
1.3763
1.43952
1.12121
1.48758
1.32641
1.23986
1.32351
1.4889
1.32377
1.48601
1.25754
1.26586
1.35022
1.39369
1.59267
1.51841
1.40449
1.37649
1.3726
1.25148
1.22432
1.31127
1.58689
1.41032
1.19063
1.02129
1.12802
1.08284
1.53533
1.06762
0.924853
1.13638
1.13463
1.10749
1.17579
1.36623
1.36623
1.42669
1.12269
1.10642
1.36359
0.973089
0.973089
1.05661
1.11887
1.08652
1.62144
1.45467
1.53975
1.08114
1.08114
1.17544
1.33921
1.14577
1.07159
1.07159
1.09831
1.04261
1.51953
1.60548
1.40214
1.37157
1.28869
1.40697
1.40129
1.26398
1.23047
0.893199
1.23451
1.57655
1.56895
1.56895
1.37679
1.47028
1.50013
1.41024
1.39762
1.54939
1.30178
1.00463
1.00845
1.04063
1.21149
1.43877
1.254
1.254
1.38103
1.398
1.38186
1.38186
1.38978
1.65223
1.08691
1.19794
1.13029
1.48174
1.50308
1.58266
1.32205
1.4562
1.30547
1.19392
1.12034
1.04532
1.23526
1.45707
1.47355
1.13708
1.159
1.70965
1.24226
1.24226
1.17491
1.56378
1.33591
1.238
1.42841
1.09567
1.2511
1.41719
1.39005
1.39005
1.18692
1.4789
1.4228
1.42344
0.946853
1.45204
1.45204
1.45204
1.3236
1.46566
1.27932
1.3468
1.14358
1.53068
1.39174
1.43742
1.42118
1.44506
1.38854
1.26638
1.26638
1.26638
1.26642
1.31643
1.393
1.69306
1.23318
1.46873
1.46873
1.14711
1.00312
1.10661
1.52143
1.13296
1.35185
1.42694
1.32886
1.32886
1.60229
1.43412
1.46219
1.23697
1.01897
1.50564
1.60013
1.60212
1.39219
1.36886
1.38398
1.70753
1.50566
1.52701
1.38903
1.33097
0.8504
1.27743
0.968215
1.41919
0.8504
1.3623
1.22122
1.25643
0.850187
1.24863
0.857345
0.896277
0.843404
0.955225
0.969279
0.790317
0.873615
1.08976
0.965017
1.0346
0.851786
1.29535
0.8504
1.34038
0.968215
1.34358
1.53762
1.26454
1.30065
1.20738
1.19468
1.18536
1.32871
0.933755
1.27598
1.29815
0.936804
1.48659
1.29891
1.33934
1.35577
1.31754
1.40489
1.12599
1.4021
1.3185
1.31624
1.34877
1.05845
1.22425
0.779096
0.766985
1.51812
1.02059
1.49504
1.61179
1.19322
1.4761
1.09743
1.00532
1.08993
1.39741
1.09108
1.15336
1.33286
1.35462
1.40733
1.41786
0.923123
1.35808
1.42584
1.5997
1.3908
1.53727
1.57671
1.54991
1.35423
1.37045
1.46595
1.30945
1.57659
1.27683
1.13746
1.23153
1.34745
1.13448
0.846621
1.01973
1.082
0.8804
1.28742
0.922867
0.841129
0.855017
0.922867
1.25986
1.29229
0.873615
0.949486
1.25329
1.34487
0.752478
1.20211
1.13448
0.895235
0.986091
1.10202
1.05486
1.30374
1.21053
1.27387
0.845577
1.07273
1.27042
1.19225
1.31852
1.26997
1.34782
1.34007
1.33015
1.33026
1.55569
0.903054
1.21048
1.16851
0.756868
1.21763
1.28749
1.41743
1.27476
1.17375
1.36634
1.33829
1.19479
0.814382
1.55649
1.51185
1.40003
1.05402
1.40947
1.19382
1.32383
1.61294
1.03418
1.15282
1.50644
1.10373
1.1044
1.19656
0.957708
1.71448
1.57089
1.35781
1.46703
1.4804
1.7684
1.68791
1.83381
1.43218
0.875161
1.29744
1.28291
1.08765
1.06501
1.13309
1.29342
0.921948
1.10675
1.10675
1.41484
1.47037
0.986518
0.908809
1.33347
1.34074
1.15472
1.33347
1.12969
1.21421
1.39695
1.48931
1.16864
1.18009
1.2376
0.838039
1.2841
1.40652
0.977532
0.980743
1.14585
0.736746
1.39962
1.23156
1.17827
1.04375
1.2293
1.19004
1.0494
1.3265
1.26582
1.66317
1.50157
1.67218
1.32208
1.40652
1.32071
1.01371
1.16913
1.07601
1.40418
1.53284
1.38741
1.40706
1.3483
1.47267
1.61329
1.53052
1.56551
1.5932
1.57491
1.62878
1.41758
1.5035
1.39207
1.31734
1.64241
1.57385
1.3201
1.065
1.14506
1.21593
1.065
1.28789
1.07037
1.065
1.0523
1.14308
1.07352
1.08583
0.963148
1.27061
1.34031
1.45737
1.34117
1.35086
0.986406
1.23433
1.33702
1.01997
1.48708
1.34198
1.00086
1.6301
1.2207
1.16001
1.065
1.3491
1.25748
1.39524
0.926704
1.00285
1.36186
1.31245
1.15787
1.14431
1.274
1.39749
1.38951
0.966832
1.12726
1.172
1.16257
1.09685
1.0982
1.38041
1.47214
1.36998
1.42592
1.37978
1.39916
1.36568
1.43493
1.4156
1.33435
1.20848
0.828609
0.992842
1.56776
1.215
1.02227
1.1493
1.10008
0.908809
0.984097
1.45105
1.21475
0.672368
0.648717
1.29964
1.13878
1.13845
1.1569
1.33825
1.40738
1.60078
1.36413
1.30425
1.40148
1.17262
0.994183
1.16006
1.35651
1.06913
1.6814
1.67639
1.23699
1.03607
1.47634
1.26331
1.28291
1.34026
1.44018
1.41564
1.5283
1.39084
1.4309
1.39695
1.33853
1.50157
1.40282
1.30813
1.40684
1.53855
1.5304
1.45977
1.2821
1.06392
1.23259
1.29754
1.3873
1.24287
1.12356
1.05092
1.33641
1.33621
1.30165
0.962283
1.22689
1.40524
1.04052
1.22531
0.986661
0.996803
0.987575
1.47947
1.43545
1.33122
1.37568
1.17113
1.13177
1.42569
1.05155
1.37394
1.44107
0.993906
1.4181
1.32241
1.30503
1.11716
0.981196
1.28708
0.974124
0.971521
1.21605
1.38149
1.30572
1.08696
1.34362
1.33146
1.30708
1.0888
1.41483
1.29735
1.31092
1.01833
1.03191
1.25724
1.22665
1.12088
1.39695
1.38582
0.954613
1.04495
1.8042
1.22464
1.4429
1.34535
1.02749
1.02985
1.24374
1.19446
1.19641
1.09383
1.08887
1.03411
1.09903
1.18841
1.19641
1.09383
1.08887
1.04975
1.36418
1.19641
1.09383
1.04139
1.45687
1.19436
1.08057
1.09348
1.01007
1.41375
1.362
1.44704
0.992957
1.13696
1.54572
1.49546
0.917796
1.29301
1.41849
1.36134
1.00463
1.24193
1.05805
1.08768
1.01492
1.55721
1.13258
1.0472
1.5184
0.986505
1.67034
1.47312
1.43187
1.50532
1.47191
1.67348
1.47388
1.22469
1.1524
1.26509
1.23853
1.24541
1.25503
1.54025
0.935949
1.12667
1.40107
1.04812
1.43535
1.44836
1.35971
1.32008
1.35774
1.20918
1.11932
1.37049
1.51186
1.32008
1.27881
1.09059
1.43054
1.4791
1.37499
1.29144
1.29339
1.30442
1.45199
1.48498
1.39649
1.41188
1.71424
1.36789
1.39718
1.32823
1.63752
1.55694
1.2211
1.14166
1.02192
1.06384
1.4646
1.55694
1.42386
1.12935
1.02843
1.06253
1.40107
1.04812
1.43535
1.44836
1.22618
1.31252
1.30928
1.49068
1.42705
1.47279
1.43731
1.17753
1.53768
1.461
1.25037
1.60169
1.46726
1.49494
1.4365
1.2595
1.11625
1.13223
1.08294
1.48436
1.62898
1.5171
1.5421
1.42935
1.26175
1.64716
1.47803
1.36527
1.30234
1.38172
1.18875
1.42705
1.04033
1.05608
1.09493
1.26759
1.52092
0.952076
1.02694
1.04453
1.20864
1.01616
1.37998
1.11804
1.062
1.20864
1.19446
1.19446
1.19446
1.39839
1.30808
1.19446
1.29316
1.29316
1.29615
1.29615
1.28366
1.07518
1.09383
1.09383
1.09981
1.08224
1.44414
1.09383
1.08887
1.08887
1.10429
1.09191
1.08887
1.21886
1.26997
1.51374
1.06647
1.07809
1.06079
1.35894
1.53162
1.29948
0.945789
1.32251
1.41688
1.26597
0.989417
1.27445
1.44352
1.44352
1.44352
1.5147
1.32614
1.19257
1.50004
1.18133
1.44005
1.42453
1.17767
1.28701
1.32969
1.29061
1.26228
1.46427
1.63018
1.33186
1.14926
1.14926
1.14926
1.15221
1.60062
1.58772
1.46505
1.51306
1.04183
1.11717
1.1109
1.48981
1.39314
1.45016
1.11717
1.23942
1.50569
1.35926
1.24129
1.46305
1.23223
1.43709
1.50487
1.37705
1.13049
1.68167
1.26421
1.33402
1.46289
1.46289
1.36997
1.36997
1.3441
1.79904
1.14758
1.03514
1.31432
1.33512
1.46897
1.64448
1.59125
1.33512
1.33602
1.19036
1.4395
1.13201
1.59798
1.22635
1.27642
1.16181
1.44692
1.63769
1.50619
1.16803
1.47071
1.49767
1.21347
1.45352
1.86609
1.36475
1.53976
1.80263
1.29007
1.52957
1.49726
1.29028
1.32912
1.6204
1.38541
1.12865
1.29028
1.46544
1.43698
1.26124
1.56235
1.29261
1.46111
0.693119
1.44828
0.937282
1.35503
1.42214
1.52438
0.917074
1.11953
1.3043
1.12602
1.15397
1.11535
1.5926
1.64478
1.63292
1.35294
1.6381
1.42708
1.32814
1.31774
1.55926
1.52488
1.7122
1.3012
1.08587
1.47659
1.62382
1.45808
1.51486
1.16179
1.54544
1.53984
1.6285
1.41518
1.38891
1.51545
1.6285
1.50267
1.40185
1.43201
1.53984
1.60896
1.19315
1.12832
1.26069
1.08949
1.07055
1.29556
1.5241
1.32126
0.869918
1.0364
1.14901
1.58553
1.10718
1.37695
1.41758
1.12122
1.31626
0.992135
1.50174
1.37695
1.23658
1.38008
1.44788
1.15165
1.40162
1.38008
1.39947
1.52547
1.58289
0.988841
1.39343
1.41785
1.564
1.43344
1.52064
1.6461
1.55451
1.43597
1.61095
1.49961
1.15723
1.22101
1.05362
1.04486
1.44232
1.46538
1.16911
1.40993
1.18261
1.6088
1.4762
1.0482
1.26192
1.58792
1.5014
1.39117
1.12196
1.65766
1.30682
1.17518
1.19412
1.21848
1.53659
1.05957
1.29432
1.42992
1.42992
1.29093
0.991818
1.03009
1.39343
1.4271
1.38783
1.43526
1.58064
1.22261
1.25033
1.12305
1.324
1.64702
1.29894
1.29894
1.22806
1.50099
1.44033
1.49102
1.52182
1.55948
1.21792
1.38948
1.38948
1.38948
1.20358
1.5667
1.34072
1.58906
1.50773
1.23481
1.29755
1.43526
1.64692
1.20422
1.29322
1.25128
1.06654
1.36276
1.26313
1.52416
1.52416
1.52416
1.26661
1.39289
1.39289
1.39289
1.39235
1.16997
1.18443
1.2485
1.04692
1.44654
1.12474
1.17677
1.19996
1.19492
1.55399
0.983277
1.28223
1.14569
1.26439
1.34162
1.07508
1.00087
1.29034
1.45322
1.45322
1.45322
1.37908
1.57646
1.25046
1.07034
1.42733
1.09296
1.44321
1.55573
1.01806
1.51221
1.47
1.50888
1.32998
1.5615
1.54683
1.32222
1.54971
1.61278
1.61331
1.0876
1.24158
1.06628
1.08336
0.960068
1.0876
1.12322
1.06537
1.08336
1.52926
1.49222
1.22392
1.34803
1.14218
1.1676
1.05943
1.36985
1.137
1.02383
1.0289
1.25899
1.06329
1.47659
1.60013
1.46001
1.3057
1.40555
1.50122
1.3057
1.40555
1.50122
1.08938
1.50789
1.23636
1.26263
1.34661
1.20296
0.963212
1.34957
1.48375
1.06598
1.01839
1.20296
0.926154
1.28396
1.48375
1.09632
1.00129
1.12683
1.51754
1.46133
1.42722
1.66888
0.98108
1.33385
1.0002
1.15657
1.14349
1.47276
1.43532
1.10604
1.22003
1.23713
1.14349
1.47276
1.21161
1.10604
1.21981
1.11466
1.1845
1.47276
1.16072
1.10604
1.22003
1.11538
1.15439
1.21027
1.32049
1.11498
1.37193
1.41352
1.3212
1.31217
1.46921
1.33056
1.27901
1.27683
1.46921
1.27613
1.27806
1.47966
1.5159
1.27976
1.23533
1.25776
1.5183
1.27465
1.24262
1.40011
1.49625
1.27025
1.26075
1.18637
1.62278
1.29814
1.20253
1.30895
1.6402
1.73161
1.25882
1.66839
1.6976
1.73161
1.68523
1.54221
1.17214
1.41625
1.46389
1.52603
1.54221
1.56322
1.40817
1.44932
1.46389
1.55364
1.54221
1.28384
1.44932
1.46389
1.68704
1.31965
1.438
1.30378
1.32052
1.17984
1.44539
1.42624
1.22208
1.52463
1.46348
1.5374
1.63885
1.64295
1.5613
1.11946
1.11946
1.41035
1.32773
1.64219
1.16318
1.20859
1.05038
1.13332
1.65976
1.50138
1.053
1.60596
1.47992
1.30222
1.39518
1.41559
1.1545
1.19446
1.52264
1.22206
1.22726
1.44251
1.12705
1.12705
1.12237
1.28522
1.33067
1.15162
1.60015
1.16757
1.11253
1.32891
1.64061
1.62827
1.29891
1.44222
1.46711
1.47855
1.73257
1.19446
1.19446
1.19446
1.55652
1.48047
1.49323
1.59594
1.12972
1.40908
1.08913
1.57187
1.59485
1.22021
1.22021
1.14692
1.51285
1.49948
1.3693
1.86293
1.2212
1.50122
1.50122
1.13518
1.22076
1.2156
1.31946
1.05784
1.14184
1.14184
1.46822
1.07591
0.984623
1.06673
1.07843
1.19825
1.20739
1.28988
1.28399
1.28399
1.30187
1.22437
1.05479
1.23251
1.30168
1.36473
1.57314
1.24692
1.62618
1.5982
1.25058
1.25487
1.38495
1.38676
1.40976
1.3783
1.08834
1.43644
1.39386
1.23047
1.36513
1.0505
1.24229
1.63961
1.47508
1.21966
1.25926
1.42809
1.61213
1.72929
1.53937
1.53937
1.53937
1.60462
1.19878
1.34635
1.11237
1.68437
1.67445
1.457
1.4307
1.53067
1.55312
1.70655
1.71663
1.23319
1.62742
1.41101
1.46389
1.63346
1.38186
1.39315
1.18306
1.64205
1.54581
1.6542
1.42225
1.57106
1.21099
1.28485
1.09555
1.40337
1.36253
1.3725
1.02352
1.28784
1.59579
1.48078
1.31052
1.33787
1.14099
1.1232
1.22442
1.12143
1.36711
0.722367
1.61144
0.913626
1.35871
1.47194
1.40322
1.34729
1.52332
1.47578
1.37444
1.25463
1.29677
1.67314
1.3676
1.4387
1.22078
1.25463
1.18185
1.66932
1.46866
1.22078
1.62054
1.24764
1.45983
1.44374
1.52692
1.23987
1.38754
1.53798
1.40992
1.52496
1.80133
1.71695
1.29112
1.57191
1.42095
1.42411
1.3541
1.37214
1.25531
1.20848
1.33499
1.53638
1.11233
1.11031
1.32552
1.56928
1.59274
1.18409
1.49516
1.34365
1.29462
1.2361
1.54281
1.15736
1.11312
1.5448
1.2852
1.51963
1.80719
1.43749
1.26731
1.33096
1.35306
1.44241
1.49942
0.922795
1.70359
1.4656
1.45086
1.55439
1.23028
1.45567
1.25407
1.29269
1.46035
1.64552
1.28742
1.19186
1.33262
1.28953
1.68608
1.35827
1.34357
1.27666
1.44438
1.01284
1.83935
1.51634
1.43032
1.63544
1.62404
1.139
1.39107
1.58515
1.39848
1.26851
1.57067
1.14573
1.0716
1.11772
1.07004
1.08955
1.22519
1.26297
1.2724
1.30327
1.53977
1.21828
1.51737
1.41165
0.80827
1.28669
0.934122
1.24521
1.26078
1.22818
0.980307
1.40566
1.11549
1.27382
1.28466
1.11268
1.03091
1.07837
1.28317
1.2727
1.56378
1.22095
1.20521
1.19072
1.67072
1.31604
1.62932
1.32088
1.58633
1.17011
1.29363
1.45754
1.55605
1.47159
1.41947
1.53238
1.09976
1.6066
1.61517
1.43652
1.27718
1.25175
1.17112
1.89389
1.48979
1.74276
1.25635
1.27687
1.59655
1.11046
1.11046
1.35541
1.41122
1.39573
1.19802
1.19802
1.6654
1.67811
1.33283
1.18671
1.48435
1.51438
1.41477
0.863514
1.39831
1.25986
1.23598
1.07012
1.26668
1.18924
1.61289
1.278
1.42704
1.25205
1.30654
1.40936
1.29733
1.58299
1.11106
1.76282
1.14846
1.56902
1.41856
1.41856
1.30977
1.48464
1.5488
1.09001
1.37026
1.3556
1.65793
1.43513
1.22818
1.25453
1.25453
1.49008
1.45909
1.76439
1.09028
1.0518
1.63811
1.45954
1.77953
1.26507
1.00137
1.45972
1.45972
1.25001
1.29649
1.38525
1.25001
1.10175
1.38525
1.31879
1.39747
1.53077
1.4246
1.38525
1.27915
1.28722
1.35691
1.51237
1.09146
1.18804
1.03744
1.31392
1.3782
1.14294
1.14916
1.20273
1.31473
1.21726
1.411
1.18222
1.31473
1.01447
1.58737
1.51319
1.44594
1.03015
1.50935
1.21446
1.14326
1.31092
0.993624
1.29154
1.29542
1.0941
1.5934
1.41768
1.13956
1.11089
1.2384
1.46877
1.11766
1.6326
1.3883
1.66449
1.33765
1.08663
1.40206
1.50935
1.494
1.13376
1.06613
1.17383
1.45021
1.5783
1.40049
1.09307
1.19733
1.32685
1.31
1.25449
1.06898
1.2941
1.53795
1.19052
1.2194
1.46455
1.65878
1.43338
0.900161
1.27003
1.10048
1.69479
1.55915
1.24322
1.40024
1.64036
1.17856
1.71862
1.68924
1.41308
1.44317
1.39103
1.58959
1.64177
1.34136
1.49058
1.64306
1.23696
1.21992
1.41342
1.29138
1.4598
1.35324
1.41342
1.29138
1.55847
1.33922
1.27985
1.35173
1.41472
1.45194
1.25523
1.77044
1.32197
1.62608
1.88845
1.69251
1.67832
1.25487
1.23912
1.24102
1.45813
1.28996
1.03083
1.12894
1.08377
1.12797
1.18604
1.58379
1.42593
1.42593
1.62327
1.4319
1.26944
1.51447
1.63829
1.29283
1.26765
1.80542
1.51397
1.58143
0.942016
1.30029
1.2759
1.76128
1.41609
1.54368
1.2915
1.2761
1.10979
1.53959
1.67265
1.0139
1.07111
1.56558
1.28496
1.27557
1.51675
1.31934
1.08628
1.13406
1.50782
1.73189
1.02843
1.12055
1.68243
1.68243
1.39675
1.80256
1.009
1.5362
1.5456
1.61463
1.24935
1.56131
1.23271
1.29094
1.56133
1.23042
1.38257
1.44479
1.31322
1.33628
1.34448
1.37594
1.25158
1.00063
1.29793
1.53951
1.31038
1.68577
1.52465
1.66464
1.53348
1.79173
1.29566
1.29201
1.22952
1.59981
1.47456
1.63154
1.48263
1.44288
1.14915
1.14915
1.5688
1.34508
1.63788
1.50013
1.24151
1.30088
1.67581
1.74152
1.61766
1.61115
1.4396
1.24347
1.46231
1.41363
1.06237
1.65223
1.74158
1.48818
1.34857
1.35894
1.27255
1.49801
1.66194
1.58991
1.40195
1.51798
1.56284
1.24246
1.25314
1.38971
1.40718
0.951679
0.991071
0.964533
1.33066
1.40596
1.42664
1.08858
0.951562
1.35457
1.32373
0.892922
1.01625
1.49513
0.974163
0.90102
1.32917
1.32162
1.42068
1.44031
1.37966
1.32917
1.32659
1.47669
1.38301
1.32659
1.32659
1.15906
1.48904
1.43414
1.15026
1.15906
1.15906
1.13297
0.852098
1.18541
1.31796
0.922563
1.15914
1.41289
1.43308
1.39196
0.893982
1.41289
1.48901
0.922418
1.47266
1.24389
1.47482
1.43865
1.43865
1.38726
1.43831
1.47354
1.36227
1.3344
1.27611
1.36227
1.36227
1.37541
1.17986
1.17177
1.37541
1.37541
1.38196
1.44395
1.37231
1.18105
1.4133
1.38196
1.41622
1.32197
1.53736
1.22291
1.41622
1.19368
1.24178
1.19368
1.49008
1.30245
1.45925
1.67855
1.47831
1.49984
1.4078
1.38773
1.31705
1.09695
1.16864
1.47997
1.59727
1.18568
1.49684
1.47997
1.4603
1.3997
0.907171
1.45117
1.45117
1.41254
1.18262
1.50882
0.922135
1.55456
1.47158
0.873469
1.25218
1.32675
1.52807
1.22777
1.46466
1.1574
1.46894
1.22728
1.38278
1.3645
0.94597
1.32917
1.2824
1.11699
1.3787
1.37053
1.32162
1.23077
1.46561
0.899053
1.08898
0.91316
1.37984
1.44208
1.25825
0.991071
0.97236
1.38127
1.47918
1.17043
0.964533
1.37918
0.977237
1.37966
1.2824
1.11699
1.33066
1.3645
0.954009
1.32917
1.2824
1.11699
1.13303
1.4125
1.47482
1.46249
1.35922
1.39243
0.898577
1.43185
0.922418
1.46249
1.3344
1.24383
1.23931
1.42916
1.34944
1.243
1.29523
1.28863
1.4368
1.18227
1.28468
0.921142
0.916852
1.37231
1.35922
1.39243
1.09878
1.4078
1.45435
1.52299
1.35922
1.39243
1.47129
1.35709
1.23742
1.45848
1.28236
1.38932
1.55822
1.56116
1.33839
1.32934
1.45826
1.37563
1.19824
1.3009
1.42658
1.18236
1.47129
1.25592
1.26408
1.48637
1.06796
1.47129
1.35847
1.23742
1.48721
1.46349
1.30791
0.875055
1.21166
1.35002
1.60428
1.31873
1.35019
1.31256
1.46584
1.54294
1.50255
1.44708
1.19789
1.26845
1.16434
1.48401
1.44942
1.05444
1.15365
1.3749
1.48721
1.44942
1.31027
0.972395
1.35002
0.781754
1.11507
0.950034
0.898757
1.36926
1.20146
0.856649
1.18228
1.25455
1.02406
1.31713
1.12142
1.19949
1.27965
1.33974
1.02939
1.14547
1.30654
1.32729
0.860231
1.05551
1.50748
1.11195
1.32832
1.32832
0.939601
1.37174
0.982785
1.2248
0.98629
1.04479
1.39325
0.917555
1.18469
1.1971
1.2621
1.45824
0.84041
1.2002
1.32348
1.32389
0.964168
1.31377
1.32483
1.47243
1.34922
1.26319
1.17919
1.30507
1.41766
1.06267
1.49123
1.41572
1.48238
1.26119
1.31987
1.42213
1.28654
1.3093
1.40599
1.32325
1.40614
1.38552
1.2644
1.39194
1.33139
1.39497
0.916841
1.02848
1.49272
1.41815
1.3975
1.58527
1.43299
1.27436
0.741954
1.24808
1.28633
1.15211
0.993197
1.02496
1.19071
1.24669
0.797726
1.35335
1.11042
0.976562
0.869187
1.27306
0.949487
0.827156
1.37882
1.21153
0.9365
0.869187
1.13155
1.0555
0.976902
1.39588
0.843051
0.968634
1.33547
0.906226
1.00206
1.40078
1.10504
1.27897
1.32968
1.40078
0.912672
1.19399
1.55443
1.50438
0.957818
1.28618
1.29278
1.55285
1.07617
1.33609
1.31985
1.40024
1.35816
1.02385
1.06623
1.40929
1.47418
1.37147
1.27079
1.07914
1.39501
1.54881
1.18846
1.07914
1.39501
1.51409
1.31671
1.38213
1.47425
0.868116
1.55092
1.39938
1.32706
0.97441
1.2638
1.59518
1.0726
1.45273
1.32941
1.21571
1.02535
1.26892
1.09854
0.931803
0.911861
1.48111
1.27665
1.38219
0.965545
0.846355
1.34215
1.185
0.862209
1.07494
1.03773
0.728193
1.14032
1.18911
1.16685
1.18911
1.16685
1.18979
1.16685
1.22905
1.41615
1.52578
1.3706
1.26488
1.17015
1.22536
1.4954
1.2031
1.1929
1.52568
1.52583
1.53618
1.38624
1.49636
1.53389
1.45021
1.53443
1.42105
1.56724
1.54776
1.49684
1.41393
1.53443
1.48634
1.57328
1.50558
1.41393
1.53443
1.44814
1.44418
1.65806
1.41393
1.57889
1.33246
1.4121
1.27833
0.909701
1.12112
1.21674
0.991341
1.34246
1.37934
1.10888
1.4884
1.07665
1.28843
1.25634
1.52417
1.44609
1.27545
1.30342
1.52417
1.6088
1.50952
1.40508
1.18613
1.00833
1.5892
1.01355
1.35402
1.492
1.14712
1.19544
1.20591
1.61242
1.39115
1.61242
1.50268
1.2741
1.39115
1.60277
1.51385
1.24328
1.06729
1.0487
1.45502
0.994322
0.918282
1.27038
1.3543
1.07607
1.10506
1.03062
1.1264
1.10616
1.09394
1.08745
1.1176
1.21621
1.33416
1.35217
1.31565
1.0581
1.14718
0.844251
0.706483
0.74464
0.734589
0.62694
1.31524
0.934668
0.976691
1.27056
1.26248
1.26163
1.1405
1.36798
1.01533
1.14828
1.22078
1.17498
1.78939
1.62727
1.5191
1.45327
1.46503
1.72884
1.26849
1.14803
1.2574
1.32763
1.24683
1.36276
1.41643
1.46917
1.36053
1.27606
1.32923
1.40317
1.50966
1.65471
1.19708
1.66514
1.55228
1.45327
1.37748
1.24599
1.18373
1.60114
1.5191
1.45327
1.37748
1.03872
0.99583
1.03864
1.30768
1.42152
1.47225
1.59583
1.1467
1.27442
1.36135
1.35523
1.52429
1.52429
1.35395
1.82509
1.63972
1.2998
1.13817
1.38511
1.42335
1.32871
1.2401
1.11604
1.22317
1.075
1.20103
1.31942
1.00919
1.21575
1.41379
1.20591
1.48169
1.48798
1.43941
1.42083
1.2521
1.4727
1.14439
1.0933
1.27332
1.08506
1.03254
0.920358
1.36858
1.1176
1.03825
1.17227
1.5237
1.20405
1.24564
1.3827
1.39961
1.37255
1.25546
1.14012
1.41301
1.12431
1.10194
1.0843
0.979668
1.47586
1.24505
1.47143
0.966604
1.15076
0.905951
1.04171
1.353
1.58488
1.4018
1.01989
1.02054
1.26097
0.88129
1.03188
1.31243
0.974045
1.30366
1.33866
1.37742
1.27325
1.32744
0.944058
1.01547
1.37998
1.16151
1.53936
1.53692
1.39228
1.50629
1.52125
1.51703
1.48275
1.60285
1.56429
1.57474
1.56958
1.03032
1.06796
1.51477
1.44367
1.41948
1.31073
1.3328
1.80529
1.14389
1.39025
1.67586
1.52151
1.35732
1.60264
1.39025
0.967956
1.03032
1.36393
1.39025
0.892492
1.41219
1.39025
0.873723
1.41219
1.00242
0.943261
1.49452
1.78591
1.20813
1.55747
1.20813
1.62632
1.29489
1.60578
1.12438
0.984019
1.41708
1.3838
1.5036
0.984019
1.26139
1.69481
1.24831
1.64512
1.40773
1.27
1.56798
1.40773
1.55687
1.61126
1.35267
1.21581
1.14164
1.16284
0.874089
1.62413
1.49837
1.10684
0.81131
1.11481
1.38839
1.56402
1.50864
1.38184
1.39307
0.879632
0.986917
1.45246
1.35973
1.51077
0.939669
1.22743
1.44522
1.13713
1.30265
1.30408
1.30022
1.30022
1.38897
1.32003
0.840574
0.972365
1.37016
1.36541
1.04916
0.964119
0.969284
1.51768
1.42218
1.52048
1.20645
1.2281
1.21855
1.21451
0.9024
1.27778
1.555
1.57409
1.51012
1.46595
1.33054
1.29772
1.594
1.07074
1.13125
1.00206
1.49838
1.43908
1.18105
1.0704
1.26277
1.09575
1.09575
1.50796
1.37948
1.33081
1.41771
1.30514
1.7065
1.57774
1.40501
1.42769
1.42769
1.77617
1.10048
1.1538
1.14198
1.13287
1.10702
1.03614
1.34149
1.10958
1.04657
1.393
1.43785
1.41977
1.11246
1.23014
1.39504
1.14005
1.10535
1.32126
1.23526
1.3632
1.48021
1.57505
1.15076
1.22019
1.45183
1.28821
1.20963
1.14086
1.45183
1.24728
1.22635
1.21924
1.22635
1.59451
1.18428
1.16257
1.16921
1.48523
1.26544
1.01699
1.53591
1.52845
1.34309
0.881935
1.48037
1.28314
1.34309
0.863173
1.29445
1.44816
1.34309
1.3111
1.56006
1.44125
1.03346
1.41296
1.39466
0.985969
0.975478
1.32148
1.01147
1.14085
1.19155
1.45281
1.18677
0.849311
1.04227
1.14085
1.19155
1.33796
1.13725
1.14085
1.19155
1.34394
1.23922
1.09842
1.19623
1.28518
0.987358
1.10929
1.48146
1.50853
0.970329
1.23783
1.36229
1.35314
1.59462
1.23399
1.35314
1.59462
1.60108
1.13679
1.34552
1.1524
1.04443
1.5538
1.68902
1.77502
1.32628
1.74326
1.52104
1.42646
1.33846
1.6924
1.52346
1.42646
1.00786
1.71336
1.36629
1.3733
1.47356
1.79424
1.36274
1.67384
1.1931
1.35594
1.62702
1.65201
1.33658
1.13064
1.34044
1.51868
1.4262
1.35314
1.59462
1.60108
1.30011
1.02123
1.27129
1.14861
1.25993
1.41558
1.60943
1.3038
1.30396
0.979869
1.10003
1.42151
1.61371
1.43476
1.48668
1.8341
1.43393
1.35875
1.31807
1.32882
0.96176
1.11389
1.103
1.05312
1.50507
1.1515
1.20304
0.943183
1.08045
1.12012
1.02719
1.46778
1.72846
1.12012
1.30739
1.57705
1.68603
1.31196
1.22895
1.11369
1.15845
1.13012
1.32914
1.20242
1.21372
1.39167
1.24253
1.13025
1.10609
1.12282
1.19338
1.30611
1.33938
1.12177
1.15788
1.10231
1.3812
1.49614
1.26576
1.26576
1.2306
1.31932
1.471
1.56191
1.35549
1.27738
1.22796
1.03964
1.27473
1.29116
1.23268
1.32541
1.52259
1.39007
1.09566
1.10256
1.12435
1.27828
1.51237
1.44076
1.35436
1.29984
1.11062
1.11062
1.14296
1.46789
1.44899
1.3155
1.13794
1.39175
1.31301
1.26392
1.52693
1.16428
1.22971
1.06873
1.4265
1.45091
1.39814
1.19573
1.17359
1.42241
1.46173
1.50988
1.49929
1.21945
1.39511
1.67664
1.67631
1.50989
1.45554
1.39561
1.23957
1.62206
1.72277
1.72277
1.61065
1.45554
1.56152
1.453
1.26442
1.44186
1.25693
1.20367
1.19918
1.56152
1.4561
1.47
1.31427
1.20297
1.19333
1.59271
1.37756
1.33613
1.49638
1.08195
1.33333
1.3441
1.3441
1.53593
1.40468
1.42369
1.35398
1.5194
1.31986
1.42106
1.244
1.34316
1.53736
1.12134
1.66086
1.53449
1.5266
1.32707
1.2607
1.58783
1.43025
1.52867
1.52802
1.25197
1.55013
1.51149
1.46073
0.992948
1.06935
1.12336
1.43219
1.38311
1.09883
1.38446
1.38311
1.16434
0.959648
1.52306
0.821041
1.39501
1.30553
1.35721
1.31752
1.08507
1.5623
1.28368
1.50653
1.38396
1.10268
0.973536
1.59845
1.38765
1.28324
0.971476
1.17751
1.22226
1.34834
1.09662
1.17751
0.947883
1.24144
1.25046
1.48779
1.13225
1.06477
1.3034
1.0859
1.23924
1.0947
1.43563
1.3787
1.32776
1.73669
1.52895
1.37546
1.5024
1.21536
1.43481
1.37546
1.38642
1.26474
1.36393
1.40292
1.38642
1.49517
1.23318
1.2854
1.49517
1.43589
1.38915
1.34966
1.41977
1.2344
1.15354
1.03466
1.01143
1.42525
1.03466
1.31568
1.3001
1.31568
1.21041
1.53971
1.30947
1.35122
1.52549
1.57774
0.911623
0.938333
1.55282
1.55282
1.42317
1.18865
1.19208
1.19555
0.927238
1.48101
1.36596
1.26789
1.11423
1.43282
1.47047
1.37208
1.43282
1.10887
1.38126
0.832071
1.34222
1.41039
1.17814
1.43392
1.44093
1.32723
1.37007
1.0645
1.18764
1.05231
1.02006
1.23654
1.26357
1.14449
1.38348
1.05861
1.32701
0.947832
1.04145
1.38126
0.833281
1.34843
1.41039
1.2704
1.16056
1.00895
1.40711
1.48692
1.36879
1.38022
1.26737
1.0187
1.40428
1.51863
1.21252
1.24259
1.12274
1.31576
1.47709
1.27516
1.64598
1.04581
1.14868
1.5416
1.48015
1.39622
1.15985
1.10282
1.24161
1.56009
1.36879
1.38022
1.5315
1.33589
1.28924
1.31423
1.54462
1.29767
1.08963
1.63251
1.54769
1.43161
1.38582
1.39418
1.42423
1.23589
1.1003
1.33755
1.5315
1.12791
1.0293
1.31423
1.58969
1.26996
1.44034
1.38563
1.61289
1.38177
0.913498
1.46425
1.45991
1.49327
1.41665
1.16009
1.3552
1.56926
1.19701
1.30265
1.44034
1.56926
1.24755
1.60926
1.44034
0.894142
0.82944
0.963673
0.908414
0.970626
1.29247
1.26344
1.496
1.5098
1.51996
1.06465
1.29651
1.33464
0.913172
1.25177
1.29786
1.13294
1.29021
1.20214
1.40783
1.57428
0.973467
1.43949
1.33158
0.957507
0.978938
1.41964
0.948236
1.25443
1.25443
1.26241
0.958088
1.25888
1.05896
0.946755
1.36675
1.35449
1.27437
1.305
1.61961
1.56778
1.4611
1.29601
1.40918
1.4281
1.4281
1.51177
1.15491
1.39154
1.40322
1.56616
1.56616
0.97975
1.12896
1.4465
1.40933
1.41641
1.49356
1.36962
1.01369
1.27695
1.3875
1.12098
1.07122
1.14977
1.37513
1.36512
1.44384
1.25899
1.29525
1.25204
0.942344
1.28805
1.33715
1.3259
0.993945
1.24465
1.14198
1.01234
1.40108
1.00006
1.29244
1.09182
1.0254
1.2526
1.0254
1.33762
0.833196
1.02306
1.2526
1.07227
1.41548
1.41396
0.978799
1.08143
1.20858
1.61953
0.953541
1.27135
1.01854
1.41963
1.39953
1.40214
1.17751
0.965957
1.32708
1.36128
1.3165
1.16277
0.975525
1.17863
1.328
1.32176
1.56158
1.58415
1.43186
1.42024
1.63155
1.58217
1.43186
1.43736
1.39536
1.16357
1.12356
1.50833
1.51928
1.40238
1.39536
1.46098
1.02382
1.39142
1.39793
1.3832
1.0953
1.3047
1.37867
1.49956
1.28618
1.35509
1.23716
1.57079
1.20499
1.00424
1.30833
1.31607
0.93474
1.53726
1.1728
1.3581
1.18042
1.09139
1.07089
1.49368
1.72149
1.22128
1.16982
1.25074
1.07434
1.04922
0.833286
1.09087
1.22486
1.18207
0.879688
0.844865
0.953182
0.916865
1.02395
0.984613
0.808113
1.10767
1.38352
1.66515
1.48569
1.27834
1.41267
1.25673
1.34568
1.4409
1.39973
1.44182
1.50392
1.0773
1.43521
1.55517
1.0773
1.60616
1.64015
1.24739
1.38588
1.20502
1.28693
1.2118
1.30773
1.15059
0.895035
1.35751
0.847883
1.19149
0.881594
1.44043
1.27282
1.48522
1.40727
1.47544
0.95759
0.896656
1.24552
1.12295
1.04862
1.20146
1.29797
0.791318
0.82801
1.3443
1.33787
0.954888
0.814798
1.50581
1.52613
0.773656
0.793575
1.31077
1.33186
1.22334
1.22334
1.18762
1.30945
1.31221
1.37233
1.44145
1.44406
1.17943
0.970337
1.07313
1.17257
1.11805
1.06616
0.864784
0.820472
1.46352
0.999722
1.6614
1.27492
1.53383
0.921199
1.43003
1.43631
1.53386
1.4487
1.23752
1.60244
0.932152
0.988227
1.09458
1.22473
1.3917
1.26752
1.49716
1.49418
1.38619
1.29526
1.2627
1.41197
1.37074
1.5064
1.40841
1.39516
1.31323
1.31323
1.44644
1.52122
1.37855
1.49755
1.7045
1.54312
1.67078
1.3621
1.12252
1.00571
1.24667
1.22786
1.30873
1.04551
1.08835
0.977019
1.30134
1.46433
1.36499
1.424
1.50013
1.05072
1.40027
1.10935
0.887798
1.34533
1.16613
0.770818
1.18948
1.31417
1.23655
1.23732
1.37831
0.752821
0.774215
1.41018
0.886015
0.978428
1.3653
1.22654
1.3274
0.829864
1.18039
1.12188
1.11776
1.23128
1.12188
1.11887
1.44578
1.13532
1.40562
1.25841
1.23658
1.1836
1.67559
1.34175
1.29256
1.34511
1.35235
1.41973
1.19802
1.43469
1.43031
1.11619
1.11298
1.35919
1.14765
1.01031
1.30718
1.51338
1.14799
1.10947
1.30718
1.40747
1.39608
1.29046
1.01822
1.20243
1.26997
1.46154
1.38525
1.29046
0.951009
1.45722
1.29046
1.35723
1.4902
1.35052
1.2993
1.42159
1.29649
1.19326
1.34376
1.2463
1.25389
1.35863
1.36576
1.23923
1.34999
1.27762
1.23923
1.45935
1.29213
1.23923
1.42107
1.368
1.36612
1.14819
1.46795
1.19926
1.36612
1.16618
1.4713
1.19926
1.36888
1.32227
1.34145
1.22894
1.2811
1.1374
1.29749
1.62827
1.43104
1.48623
1.40479
1.29121
1.15846
1.63226
1.44399
1.38989
1.1374
1.59017
1.63813
1.23029
1.17284
1.22779
1.33518
1.41015
1.1195
1.23029
1.52126
1.20223
1.12021
1.21272
1.21863
1.31937
1.2004
1.41494
1.27488
1.53631
1.36295
1.39714
1.44815
1.36295
1.42429
0.975592
1.61965
1.47749
1.46877
1.47463
1.47463
1.37227
1.15968
1.44935
1.13101
1.16713
1.14582
1.12253
1.50439
1.17701
1.17701
1.15966
1.07529
1.02882
1.10089
1.25696
1.2529
1.26739
1.32478
1.20831
1.20722
1.41686
1.52333
1.25395
1.25632
1.31859
1.32139
1.1763
1.38189
1.18338
1.17365
1.36158
1.20438
1.51007
1.29456
1.29456
1.29456
1.47508
1.47508
1.57717
1.2785
1.28745
1.29124
1.45347
1.38927
1.41952
1.43087
1.23036
1.38678
1.60442
1.50927
0.990711
0.994702
0.976797
1.39376
1.39376
1.65492
1.31888
1.49152
0.926959
0.923006
0.919866
1.48383
1.48383
1.02001
1.40501
1.32196
1.00365
1.1509
1.35223
1.06075
1.36342
1.41625
1.28041
1.36917
1.15044
1.13987
1.13201
1.13594
1.14708
1.11909
1.20686
0.988586
1.67674
1.67159
1.60276
1.50176
1.57376
1.57376
1.35749
1.50073
1.49917
1.33857
1.45564
1.4267
1.6152
1.33514
1.37676
1.53871
1.47191
1.03224
1.12163
1.59462
1.12819
1.32183
1.16258
1.1243
1.62069
1.61653
1.45044
1.45565
0.969772
1.28391
1.26328
1.24477
1.36418
1.47767
1.03989
1.03989
1.41052
1.62874
1.6589
1.59763
1.41763
1.44299
1.39718
1.41312
1.18365
1.58216
1.17461
1.14446
1.49156
1.01377
1.19893
1.15739
1.38347
1.01117
1.15327
1.30886
0.939445
1.17713
1.13211
1.55491
1.13211
1.23496
1.5518
1.5928
1.25276
1.22227
1.33096
1.60591
1.14302
1.01671
1.41623
1.35857
1.19654
1.19725
1.18781
0.961999
1.41623
1.31938
1.18781
1.18781
1.38158
1.42021
1.38984
1.38188
1.54449
1.33995
1.2462
1.2462
1.39425
1.2811
1.25203
1.40648
1.30696
1.26512
1.26512
1.52165
1.16011
1.29597
1.55635
1.41611
1.57386
1.49872
1.33321
1.16817
1.04738
1.52838
1.51438
1.137
1.36415
1.46398
1.41421
1.45827
1.00323
1.45827
1.36938
1.38792
1.36081
1.20067
0.9969
1.37364
1.65611
1.04261
0.932891
1.35947
1.35719
1.31559
1.39681
1.11579
1.1888
1.42441
1.04569
1.2897
1.28013
1.23496
1.38499
1.35261
1.37834
1.18032
1.32309
1.38276
1.47855
1.40473
1.0315
1.22027
0.894362
0.954576
1.58408
1.1883
1.16656
1.1906
1.17117
1.24111
1.17867
1.19165
1.27064
1.24478
1.0174
0.984724
1.15793
1.27064
1.26956
1.17934
1.33586
1.45539
1.23483
1.48564
1.33636
1.35437
1.43573
1.32082
1.06293
1.17989
1.02613
1.42068
1.27052
1.17867
1.47431
1.32718
1.27052
1.50364
1.50484
1.11237
1.29861
1.41424
1.36679
1.1105
1.17239
1.3111
1.16817
1.50674
1.60299
1.15017
1.34457
1.36081
1.49979
1.45685
1.3857
1.54693
1.57163
1.52479
1.51785
1.36158
1.20917
1.04072
1.61953
1.61953
0.910991
1.1476
1.43356
1.32757
1.32922
0.894886
1.1937
0.954792
0.916772
1.05288
0.994497
1.40634
1.02036
1.01239
1.01239
1.34574
1.552
1.36183
1.32502
1.29333
1.46006
1.37261
1.14961
1.20044
1.32177
1.31649
1.17763
1.11471
1.06137
1.23788
1.15653
1.23551
1.37147
1.01831
1.16275
0.974399
1.32198
1.34834
1.04508
1.27241
1.18239
1.11697
1.16417
1.09981
1.029
1.24502
1.16226
1.13452
1.07838
1.07595
1.31697
1.02547
1.03233
1.17629
1.39821
1.38073
1.38073
1.34207
1.36749
1.37612
1.51153
1.40521
1.26558
1.55686
1.49696
1.2626
1.2911
1.36179
1.52107
1.48223
0.915556
1.24383
1.15515
1.33747
1.25766
1.32495
0.954732
0.996731
1.31426
1.27292
1.15987
1.14414
1.46837
1.21475
1.02596
1.02551
1.39644
1.38449
1.0689
1.01727
1.01649
1.3682
1.35287
1.01431
1.00242
1.01649
1.35957
1.38449
1.17763
1.24073
1.37589
1.12623
1.15653
1.07997
1.19622
0.98494
1.01831
1.39237
1.46978
1.34834
1.40133
1.06137
1.21661
1.29515
1.3954
1.35707
1.13895
1.38121
1.17455
1.3682
1.10959
1.02549
1.3988
1.1092
1.08803
1.02549
1.38121
1.08529
1.38121
0.943307
1.36031
1.52604
1.52345
1.52105
1.19299
1.441
1.27484
1.2207
1.12131
1.1995
1.26611
1.39718
1.27347
1.15515
1.27747
1.24457
