67 8.044 145.482544 47.033802 43.084431 49.055161 54.376423
67 12.569 309.662415 44.150230 41.911087 45.074718 47.766335
72 9.331 40.940105 37.455421 31.075331 36.960300 42.621872
71 8.771 98.198219 34.836296 27.563765 34.629726 41.379982
67 8.044 145.482544 47.033802 43.084435 49.055161 54.376423
67 8.044 145.482544 47.033802 43.084431 49.055161 54.376423
70 10.713 167.431915 36.348663 30.665182 36.798939 42.506485
69 12.327 346.750702 45.844009 43.790649 47.251656 50.174747
60 9.915 168.367386 36.109749 32.539780 37.799152 42.253609
48 6.124 184.210281 48.530453 45.085934 52.195141 58.380238
71 11.897 167.721741 28.257776 20.880220 26.343878 31.789331
72 10.520 106.933357 43.116463 38.454666 43.747665 48.590443
69 12.047 346.773560 45.406631 43.184544 46.561665 49.465614
63 11.980 344.338623 48.141720 46.855255 50.083973 52.695442
58 10.501 133.811295 31.647488 25.818468 31.049456 35.911381
64 8.265 149.860397 39.185040 33.755913 39.615536 45.009026
70 11.206 103.748970 42.713928 38.945610 44.180141 48.750729
70 11.206 103.748970 42.713932 38.945606 44.180141 48.750729
72 8.209 90.440643 45.423058 42.206165 48.038414 52.981033
68 8.896 97.269882 40.341770 36.454052 42.622009 47.919697
68 13.057 61.819664 29.935503 24.450834 28.634912 32.590858
72 12.080 278.605652 25.998255 18.493683 23.077845 27.800920
68 8.692 149.646301 38.788769 33.028099 39.443771 45.342575
71 8.674 148.321594 37.841103 31.664854 38.142185 44.169453
70 8.857 80.163635 42.885666 39.082146 44.738552 49.610554
63 10.174 80.674850 29.922651 23.385305 29.185129 34.644402
36 3.753 215.418945 77.742073 78.877663 82.356033 85.008781
67 12.311 360.349915 43.599358 41.057262 44.355869 47.219189
72 9.015 94.415344 34.907028 28.395821 35.274582 41.667068
55 10.441 86.192932 35.322437 31.187956 35.159195 38.709789
70 11.723 78.651108 37.460693 31.877228 36.953186 41.746685
54 11.259 158.530273 51.392406 50.225586 54.746609 58.363556
72 12.433 169.209259 20.181993 11.582344 15.760125 20.328554
70 8.018 84.401207 39.014454 32.932617 40.370770 47.146721
66 11.308 75.757332 33.652180 27.208729 32.632534 37.899498
70 11.723 78.651108 37.460693 31.877228 36.953190 41.746685
66 11.600 140.395615 35.734016 30.377689 35.498455 40.231514
70 9.148 108.389793 30.947636 24.298765 30.712698 36.658695
67 11.076 312.589081 45.294628 42.422459 45.535839 48.285156
70 12.194 32.328796 19.898399 11.972150 16.056849 20.280989
66 11.600 140.395615 35.734104 30.377764 35.498535 40.231609
66 11.600 140.395615 35.734020 30.377686 35.498459 40.231514
72 9.246 81.546623 36.725227 30.407946 36.515331 42.299431
68 8.178 95.552422 39.119709 34.083832 41.022480 47.158245
51 8.752 219.888916 33.559933 26.708427 33.687405 40.232101
45 6.383 143.049530 48.612591 44.962986 51.321388 56.942940
67 8.755 120.070274 35.654877 29.364895 36.217278 42.553703
72 9.939 115.103676 33.699085 27.265337 32.939095 38.429337
72 8.822 100.218224 36.591549 30.610186 37.441635 43.682507
63 7.655 93.531372 41.211109 36.404526 43.890396 50.453465
51 8.752 219.888916 33.559933 26.708429 33.687412 40.232101
69 12.357 274.028137 40.866417 38.181042 41.201824 43.934933
70 10.449 120.631195 31.835150 26.344584 32.049694 37.213520
70 8.768 122.811356 35.162048 28.689516 35.587261 41.993000
70 9.322 104.206947 32.373806 25.929445 32.970104 39.381451
61 10.550 145.762604 31.290094 25.001093 30.942844 36.520363
68 9.754 138.268997 41.167103 37.392414 42.480015 46.909466
70 11.836 106.539215 33.484638 28.916531 33.335957 37.388622
70 10.616 99.064110 33.309658 27.309393 32.768597 37.999306
70 9.322 104.206947 32.373806 25.929445 32.970112 39.381451
71 9.241 151.498871 42.159077 38.313156 43.736626 48.462624
37 4.196 145.588974 70.350273 71.422165 76.275810 79.992287
50 7.205 116.071930 46.453339 42.369274 48.412666 53.824451
70 9.659 65.159668 39.758343 34.285862 39.277687 44.026974
68 8.804 89.934677 31.348995 23.055281 30.900585 38.371777
71 9.193 149.399597 42.375237 38.767452 44.282467 49.019981
71 9.070 144.799271 43.311108 39.841850 45.388962 50.158070
61 11.266 53.226112 26.881380 19.131371 24.462624 29.815123
48 7.574 108.572083 46.841675 42.557484 47.675079 52.459152
72 11.628 88.795898 30.895142 24.662926 29.810001 34.793907
69 9.764 80.942696 29.439079 20.901752 28.366291 35.564816
71 9.039 157.439194 43.518921 40.049465 45.612175 50.403675
37 8.165 25.084538 46.766155 44.731007 51.688190 57.267883
52 10.960 51.968899 25.040728 18.018003 21.973415 26.059910
58 10.164 303.711395 48.791641 45.440182 48.961185 52.181694
40 10.645 27.831682 29.761509 23.672052 29.246807 34.434849
64 11.308 110.096222 31.688755 26.788816 31.936810 36.563267
32 5.440 24.729214 52.869869 51.865280 59.939255 66.289001
67 11.898 289.086029 47.502899 44.923260 48.414082 51.503803
72 12.087 81.697617 29.280008 23.898415 29.566078 34.632694
44 10.485 33.479664 38.167068 33.900780 36.972000 39.945602
65 9.633 102.721992 34.486618 29.427637 34.098099 38.422112
70 11.935 116.730225 37.517487 33.872120 38.142494 41.898556
67 11.898 289.086029 47.502899 44.923260 48.414082 51.503803
72 12.383 58.270134 25.940483 19.033129 24.041460 28.952188
69 9.520 86.672798 36.205235 30.908688 36.942207 42.445900
26 3.547 69.123711 75.274368 75.416679 79.514069 82.758492
63 9.060 89.376343 35.228321 29.127399 35.025066 40.626896
48 10.943 135.726990 33.770935 29.431221 31.908613 34.370930
58 10.603 66.564018 29.419821 23.125959 29.687569 35.633789
67 9.558 72.180550 36.898399 31.137840 37.388603 43.159466
70 9.205 89.503578 38.541279 33.128727 38.439964 43.442741
36 6.031 125.051918 49.267467 46.710770 54.800877 61.471699
43 6.421 213.873672 42.235279 36.885948 45.439034 52.920605
43 7.389 72.750748 60.534607 59.638149 64.258110 67.959473
62 9.790 69.483612 37.509041 31.995674 37.581623 42.820156
72 9.642 75.998497 35.496025 29.363190 35.499104 41.230274
70 9.576 74.889137 36.223824 30.259933 36.473686 42.229843
36 6.085 124.554810 48.823048 46.150387 54.027229 60.571831
40 6.323 138.502716 47.426590 42.563988 46.976402 51.147972
50 7.848 74.923676 52.953537 50.242203 55.783157 60.450336
69 9.721 74.761505 35.902187 29.936216 35.743671 41.205261
70 10.367 71.604919 39.973835 34.968079 40.044243 44.716503
56 7.592 62.353737 46.904926 42.172497 47.827477 53.010460
31 7.271 45.931911 44.379509 37.964230 43.462723 48.974545
72 10.751 75.492798 34.861965 29.959236 35.508919 40.453922
70 10.367 71.604919 39.973839 34.968079 40.044243 44.716499
70 10.367 71.604919 39.973835 34.968079 40.044239 44.716499
66 10.433 67.561661 40.348038 35.482590 40.443737 44.980015
51 8.332 57.486740 46.285614 41.285526 47.029781 52.309082
27 6.422 25.826817 51.893547 46.715630 52.108692 57.228516
70 9.935 118.767197 43.165325 39.917011 44.838295 49.139374
70 10.952 67.782593 38.307922 33.404758 38.086460 42.376987
72 11.515 70.091675 29.027992 21.785019 26.365606 30.998634
56 10.948 24.110863 23.185135 13.062006 18.704042 24.825687
56 10.724 8.984575 22.318480 13.288667 18.348028 23.674896
67 14.339 16.480211 20.882877 14.347535 18.141253 21.897409
72 12.496 78.813751 34.770279 30.289785 34.500187 38.268925
70 11.455 54.740295 25.562138 17.768200 22.448477 27.256363
60 10.272 51.967258 40.162895 35.366833 40.359303 44.902866
41 7.618 140.878006 48.763195 44.328220 49.622387 54.433998
62 11.290 59.561428 24.795311 20.253515 24.181059 27.610031
23 5.658 10.382852 50.254246 47.047340 54.304901 60.511692
48 10.606 124.517410 30.482615 23.571974 29.594717 35.363132
41 7.618 140.878006 48.763195 44.328220 49.622387 54.433998
39 8.046 30.058485 37.513710 32.903225 39.518036 45.319206
70 11.136 101.837669 28.876919 22.441387 27.165005 31.739511
60 10.679 32.155289 27.341509 19.766485 26.090393 32.128349
46 6.300 58.192818 43.160191 38.915306 46.378189 52.822121
44 9.072 74.697449 35.758385 29.504017 35.392624 40.922276
70 10.844 106.557167 33.174595 29.017731 33.587303 37.655972
70 11.136 101.837669 28.876919 22.441385 27.164993 31.739502
50 9.432 47.112995 34.797970 28.175682 32.256859 36.510677
46 8.969 32.843937 32.912628 28.221184 33.092155 37.453060
62 10.983 120.483147 42.895920 39.662987 44.678108 49.032852
49 9.823 74.919197 34.437599 27.652767 33.571751 39.240768
70 11.736 100.472260 28.027916 21.667189 26.263815 30.720510
45 9.955 26.829273 36.694630 32.445148 38.362190 43.455505
57 12.301 24.536720 17.037035 8.247372 11.380748 15.025525
38 9.107 34.734398 36.692322 30.857004 37.230251 43.076496
69 12.402 124.742729 37.046791 33.509468 38.721153 43.264576
56 11.554 72.703094 31.642811 26.096239 30.882029 35.341049
70 12.494 98.401840 25.246174 19.284979 23.296185 27.158552
66 11.661 59.124977 33.384823 26.644970 30.809324 35.074383
72 11.302 51.169258 23.639349 14.797365 20.979984 27.158619
67 10.757 47.308537 26.320353 18.464287 24.503328 30.390717
65 11.720 37.560131 21.197281 11.566919 16.628633 22.076311
72 11.116 61.292618 28.894897 20.519196 24.474941 28.943214
56 10.346 46.449108 28.552734 22.524569 26.768476 30.922672
48 8.720 92.088799 39.364155 34.039574 39.979656 45.405975
72 11.161 50.177513 24.190002 15.705599 21.669275 27.607676
72 12.225 97.412956 30.062958 24.871473 29.834171 34.354362
64 9.340 60.776184 32.314880 23.841125 29.563358 35.514252
72 10.611 61.832001 29.650957 21.369137 26.413614 31.711147
49 8.528 90.027176 42.135429 37.767605 43.229401 48.063950
72 11.161 50.177513 24.190002 15.705597 21.669277 27.607676
72 11.267 44.773102 29.288465 22.603966 28.483934 34.036278
71 11.623 62.210045 22.883976 14.726488 19.478710 24.386518
66 10.663 115.837967 30.967466 26.629560 30.480463 33.911404
72 13.428 51.280586 18.439754 10.671824 14.595486 18.751060
70 11.304 64.459473 31.885464 25.942150 31.875257 37.296040
72 11.267 44.773102 29.288465 22.603966 28.483938 34.036282
53 7.940 63.094326 40.283787 34.379307 40.966404 47.061863
70 9.056 39.886330 34.386330 27.442863 33.355270 39.109135
49 11.527 25.926216 27.463984 20.511971 25.185122 29.861244
69 11.450 37.653122 22.455437 13.898057 19.649385 25.425732
41 8.091 56.640285 49.799171 46.882576 51.897652 56.255733
48 8.184 60.109974 43.533062 38.739487 43.940273 48.752239
68 8.633 145.630188 46.312141 42.446457 48.306267 53.506432
70 10.296 106.796219 44.095909 39.560650 44.991001 49.931824
65 11.698 359.305939 42.339905 39.937763 44.050148 47.546162
70 8.966 148.371918 37.911270 31.945435 38.325211 44.219280
68 9.079 143.881729 38.330723 32.666496 38.721069 44.307377
72 12.006 52.202099 27.021238 19.939579 25.675350 31.153025
65 10.580 158.467880 39.867546 35.383362 41.492142 46.873413
68 12.658 311.990417 42.459023 39.288513 42.524139 45.439320
69 12.393 340.808563 44.542416 42.109097 45.654900 48.711521
63 11.980 344.338562 48.141705 46.855263 50.083977 52.695450
67 8.292 77.917709 45.146896 41.477509 47.537067 52.790005
63 9.115 75.558655 32.688972 26.215193 32.975800 39.239983
49 9.584 183.520584 53.949963 52.422935 56.625336 60.083988
72 9.185 117.793610 30.659019 23.723738 30.034475 35.988522
62 10.385 94.052628 34.709805 29.324190 35.201057 40.518238
66 8.422 89.555656 35.793488 28.700165 35.166691 41.405457
58 6.334 153.416336 48.051975 45.517483 53.068607 59.273937
65 11.936 243.839767 34.962536 29.621990 34.896805 39.768047
38 5.221 204.955719 72.250450 72.515663 76.022972 78.811798
72 12.855 122.963028 20.423340 12.458415 16.751234 21.277977
65 10.951 136.777985 29.618362 22.762201 29.003687 34.839573
71 8.771 98.198212 34.836300 27.563772 34.629730 41.379974
66 7.195 167.876312 47.793125 43.620281 50.222488 56.091114
70 8.816 78.336899 33.143803 26.312115 32.348419 38.141144
72 12.254 225.021255 28.972425 21.878809 27.389654 32.785442
63 11.410 162.064896 30.004351 23.678120 28.568846 33.356190
72 8.015 84.749107 38.798046 32.646717 40.162548 47.009003
66 9.607 57.126797 33.300144 27.392809 33.688541 39.378838
68 8.633 145.630188 46.312141 42.446453 48.306267 53.506428
70 10.296 106.796219 44.095913 39.560650 44.991001 49.931835
65 11.249 62.515877 36.327999 31.982124 37.475540 42.321789
68 8.968 149.777603 38.484131 32.809776 39.079327 44.838467
64 10.565 91.419479 31.285355 26.087999 29.521530 32.795681
69 11.921 63.457355 29.846916 23.221033 28.653185 33.901031
66 11.204 153.399445 42.046871 38.623646 44.198517 48.930607
68 8.633 145.630188 46.312141 42.446453 48.306263 53.506432
70 10.725 138.265274 46.440075 42.914978 47.588356 51.677197
72 12.018 124.574745 36.310429 32.482155 37.876465 42.560467
70 8.966 148.371918 37.911270 31.945435 38.325214 44.219280
68 8.237 143.665329 39.431889 33.533756 40.116360 46.193565
72 12.106 69.114586 29.441677 22.766899 28.128025 33.313950
65 10.595 159.840637 40.051167 35.705154 41.867455 47.257595
71 9.917 104.389885 33.262272 26.402138 32.769730 38.804871
72 8.822 100.218216 36.591549 30.610189 37.441643 43.682507
72 9.082 104.931099 37.171768 31.902021 38.597244 44.558964
71 8.541 96.172554 34.164043 27.128799 34.333183 41.084961
72 9.609 91.826332 33.012527 26.311497 32.802933 38.913345
35 7.349 24.972672 49.206646 47.505783 54.865723 60.731991
71 11.868 123.690758 37.938255 33.803036 39.003277 43.559589
70 8.633 97.245224 37.750019 32.478901 39.291809 45.357327
65 8.221 95.224174 39.671543 34.580036 41.910988 48.386765
62 10.975 122.585678 30.198013 23.000969 28.620720 34.098267
37 2.724 271.863251 82.750130 84.832626 88.054855 90.369041
68 8.795 74.121284 44.317307 41.636261 47.229992 51.881580
55 8.663 39.662525 39.589355 35.338596 40.879498 45.842194
70 11.816 85.009407 33.008415 28.585384 34.244202 39.163109
47 7.285 102.778297 36.107784 29.407347 38.080311 45.910885
47 7.285 102.778297 36.107784 29.407349 38.080311 45.910885
47 7.285 102.778297 36.107792 29.407349 38.080322 45.910885
50 7.058 140.107422 48.252403 44.156395 49.717907 54.779842
68 12.255 314.232971 43.275764 40.424049 43.654427 46.552349
68 10.395 53.033527 24.201303 16.028309 22.182987 28.170004
67 11.815 83.171371 31.668318 26.965965 32.547791 37.440769
70 11.325 116.565903 33.523029 29.739492 33.762695 37.321808
69 12.357 274.028198 40.866425 38.181030 41.201828 43.934917
72 11.911 126.283058 30.028751 24.483919 29.142216 33.568542
70 11.780 100.929626 29.973232 23.673241 28.924395 33.939911
72 10.814 71.992264 28.205420 20.494194 26.614553 32.581173
41 10.755 28.116714 28.772768 22.447781 27.892574 33.018456
71 9.023 152.975143 42.292019 38.236881 43.914295 48.898952
67 8.755 120.070236 35.654884 29.364902 36.217278 42.553719
72 10.292 99.330933 29.839426 23.398689 29.926805 35.896854
72 10.704 120.110809 32.436810 26.385305 32.574348 38.299164
68 8.522 93.225639 34.927887 28.027168 35.127705 41.787922
69 9.724 73.867455 38.619328 34.826019 39.713196 43.959438
59 11.565 221.967621 48.519875 46.268707 49.204746 51.824371
70 11.944 120.527229 34.410690 29.866455 34.422989 38.538952
71 9.935 118.053665 31.967993 24.900766 31.191217 37.219742
72 8.822 100.218216 36.591553 30.610186 37.441635 43.682507
72 9.082 104.931099 37.171764 31.902018 38.597237 44.558960
69 8.749 79.719772 44.324886 41.528172 47.080456 51.734566
72 9.064 75.021591 42.791466 39.479912 45.074627 49.865452
32 5.440 24.729212 52.869862 51.865273 59.939255 66.289009
70 11.944 120.527229 34.410690 29.866451 34.422989 38.538948
60 11.733 65.943871 21.164417 11.860144 16.872528 22.202814
58 8.054 107.000793 47.800888 45.133507 51.125034 56.201138
59 6.616 110.116402 48.085854 44.435581 51.396545 57.465023
72 10.861 71.700478 38.945442 33.965450 38.898132 43.438980
67 11.042 65.230171 35.763912 29.554922 34.172974 38.715107
47 8.769 39.327862 33.306660 26.487139 34.238243 41.262989
39 8.396 149.793335 42.909264 39.125961 44.153988 48.656292
69 9.652 87.059181 35.836201 30.576429 36.611156 42.087574
68 9.034 87.825264 39.473900 34.270351 39.008877 43.567471
58 6.545 109.919975 48.618538 45.143410 52.121803 58.167641
56 7.592 62.353745 46.904926 42.172497 47.827473 53.010460
43 10.363 32.590408 46.090374 43.373615 48.644379 53.153805
56 11.353 9.345009 20.993740 11.886867 16.714745 21.834440
53 8.675 33.388844 38.503559 33.905247 40.578697 46.353054
36 4.956 61.274952 62.724384 60.605427 66.239471 70.954315
36 5.660 52.127750 60.644917 58.929428 64.768715 69.552094
36 5.660 52.127750 60.644924 58.929424 64.768715 69.552094
30 7.050 59.469296 50.028069 44.445251 49.280293 54.141708
26 5.797 56.086967 62.466900 59.036400 63.626137 67.815430
67 13.729 20.630960 18.468918 9.846824 14.205976 18.940802
21 5.134 10.048016 52.057041 49.545418 56.163361 61.759773
69 9.648 70.618080 31.782776 24.622480 31.805593 38.458332
44 10.636 27.038364 30.549530 24.056002 30.365099 36.234467
51 10.621 29.306944 22.973354 14.512160 19.419155 24.512486
71 10.786 123.631126 38.579464 35.182346 40.357380 44.804245
72 10.058 119.291847 42.130936 38.740429 43.569962 47.813374
47 10.364 18.234413 32.807232 27.313951 32.938938 38.087177
71 11.989 46.067326 25.593088 17.605778 22.459627 27.476042
67 9.280 75.856651 33.782936 27.471088 34.035038 40.110035
41 6.574 72.663269 63.098335 62.438255 67.294327 71.172371
59 6.616 110.116402 48.085854 44.435593 51.396553 57.465023
72 10.861 71.700478 38.945446 33.965450 38.898136 43.438980
72 11.104 68.320480 37.150345 32.098930 36.654392 40.854877
54 10.348 27.671099 29.012808 20.931740 26.869087 32.784042
39 7.243 150.854309 40.030384 35.402096 40.997673 45.996323
58 11.605 58.326832 24.473486 18.721443 21.783453 24.912678
48 9.317 74.911118 51.222706 49.509548 54.541370 58.625462
68 9.724 73.842941 36.516998 30.754240 36.423672 41.741543
72 10.861 71.700478 38.945446 33.965450 38.898136 43.438980
72 11.515 70.091667 29.027998 21.785025 26.365606 30.998636
62 9.203 59.741512 37.633423 31.007219 37.453663 43.537468
39 8.396 149.793335 42.909271 39.125969 44.153992 48.656292
70 11.346 101.019005 28.519827 22.020475 26.682943 31.223598
48 9.376 46.547115 37.057270 30.762375 34.800983 38.988583
57 11.542 31.812298 24.300024 16.966105 21.459888 26.050241
72 11.302 51.169273 23.639343 14.797363 20.979980 27.158619
72 11.161 50.177521 24.190008 15.705597 21.669277 27.607674
39 8.014 18.348909 35.177765 28.870218 35.608597 41.881996
60 8.934 48.439903 37.811401 32.783985 38.183289 43.133854
62 11.147 46.267765 24.226353 18.456894 21.946463 25.352350
65 11.331 46.780205 23.298553 17.375801 20.941046 24.418449
63 11.032 35.633091 25.957432 20.142584 24.143173 27.994564
68 10.933 50.418678 24.856497 16.050835 22.454016 28.822079
72 13.066 21.068447 26.768793 20.875938 25.054226 29.036665
70 11.072 62.427288 23.713144 15.577786 20.521852 25.587406
68 8.860 70.060188 35.023979 27.902622 33.924904 39.814316
46 6.156 56.387974 43.787815 39.229897 46.930717 53.654919
43 10.111 18.399057 29.854963 22.106491 28.357962 34.444496
69 12.840 50.050655 23.608732 17.244249 22.092546 26.689529
64 10.448 19.533834 25.329538 16.449469 21.961370 27.713207
62 9.049 60.694931 32.977383 24.578730 30.434643 36.481831
59 12.396 38.611759 22.553883 16.033188 19.321970 22.665747
63 11.680 27.902901 23.359888 14.148784 19.294167 24.842813
44 9.307 50.446526 35.406399 28.801214 35.161545 41.168854
64 9.543 44.016914 34.722744 28.731504 34.395737 39.720146
53 9.996 72.823601 40.758762 36.530380 41.711552 46.325878
72 11.116 61.292614 28.894897 20.519194 24.474943 28.943203
72 10.611 61.832001 29.650953 21.369139 26.413612 31.711147
37 8.149 4.170065 36.220276 29.659496 37.474255 44.603767
49 10.194 16.660513 27.504848 19.511307 25.066912 30.684040
71 11.304 106.289696 32.762829 28.683529 33.174046 37.171764
63 12.276 99.209587 27.329687 22.118599 27.041782 31.478079
59 7.812 65.615601 39.014847 32.460827 39.736664 46.521572
44 11.514 21.168396 30.863287 25.451530 30.023945 34.283566
51 8.799 49.418770 34.985153 29.395515 35.074978 40.326382
72 11.323 40.430584 29.188572 22.102514 27.810726 33.286854
39 7.637 55.130543 51.956097 49.515846 54.730244 59.170017
70 11.346 101.019005 28.519827 22.020473 26.682943 31.223598
47 9.124 47.164169 37.204678 31.007389 35.925583 40.778252
50 9.009 48.926506 34.420216 27.122820 32.579472 38.098873
70 12.649 63.699894 22.639833 15.965355 20.682526 25.204042
72 11.161 50.177521 24.190008 15.705601 21.669275 27.607676
34 7.153 15.489932 52.399536 50.668728 56.999386 62.236359
60 8.934 48.439903 37.811409 32.783989 38.183296 43.133858
