84 9.878 231.691101 36.303535 30.151817 36.308765 42.086384
85 12.074 174.471420 32.544754 26.707516 32.088688 37.170582
82 16.394 45.377975 22.115158 16.038527 20.435165 24.608505
84 10.989 191.031418 36.235531 30.273731 35.398926 40.299347
84 10.068 308.718781 37.093628 32.120087 38.388783 43.953766
81 10.038 295.468048 36.602993 31.511236 37.786945 43.380451
84 9.878 231.691101 36.303570 30.151861 36.308830 42.086430
84 15.041 207.165054 29.393404 26.245684 29.520182 32.298172
82 16.394 45.377975 22.115156 16.038527 20.435165 24.608503
84 10.989 191.031418 36.235535 30.273733 35.398922 40.299347
84 10.064 280.439545 37.555222 32.679028 38.674816 44.001251
86 10.264 261.125641 36.282871 30.867216 36.900806 42.373489
84 13.670 203.946518 30.262562 26.880060 30.112728 32.901863
47 8.799 19.571756 40.199162 36.326485 44.062183 50.550148
84 14.272 168.629913 34.807953 29.902555 33.817551 37.520809
84 10.658 275.103302 37.758057 33.026264 38.598522 43.580891
84 10.083 280.509705 37.389797 32.478535 38.507774 43.862438
79 11.887 204.800797 36.986500 32.813389 37.634098 41.930843
78 12.650 204.933868 31.622534 28.079496 31.649923 34.734978
44 9.752 22.060314 30.195009 22.937166 28.926929 34.775681
86 13.932 169.538925 34.425819 29.400082 33.116573 36.701134
82 10.457 272.144409 38.653378 34.147987 39.790531 44.786072
77 8.819 271.732483 40.847221 36.418102 42.393982 47.674896
73 8.647 254.263763 40.882362 36.422840 42.357166 47.606430
37 8.319 51.223900 39.715195 34.236607 41.650806 48.291691
48 10.556 36.033978 31.685570 25.377123 30.339926 35.157314
86 10.229 313.588715 36.560276 31.388348 37.301453 42.635429
83 14.996 87.857468 12.815232 3.388181 6.340405 9.988951
84 14.704 215.096024 23.312180 19.293741 22.606838 25.494236
63 8.953 193.143875 46.823521 43.179657 47.042610 50.584904
64 8.697 74.851021 36.309952 30.099964 37.424305 44.092098
80 11.015 141.914230 35.167183 30.224051 36.430637 41.963875
84 13.817 87.862823 15.498640 5.844117 9.413101 13.667232
81 10.036 158.660858 32.245464 25.398909 30.121208 34.964779
63 12.088 44.302223 22.679028 13.083577 19.326218 25.752026
84 12.769 95.722656 22.727543 14.694307 19.689991 24.710037
69 9.536 75.071861 34.269176 27.825529 34.658688 40.952045
84 11.180 142.236053 33.727394 28.698807 34.609909 39.900112
84 13.817 87.862823 15.498640 5.844117 9.413102 13.667232
84 11.096 158.870819 31.322115 24.611332 29.192354 33.887276
53 10.160 85.791527 31.634842 25.208296 30.551083 35.702938
84 12.769 95.722656 22.727549 14.694305 19.689993 24.710037
83 11.686 84.025932 32.195641 26.153324 31.184580 36.028973
75 10.508 243.212540 38.945213 34.707741 40.262321 45.125942
78 8.274 114.030090 48.428005 45.009857 50.371567 55.072666
86 13.422 85.471222 19.668859 11.842234 15.778779 19.876934
86 14.633 94.485977 20.197330 13.255351 17.094542 20.941099
84 12.259 119.672440 24.421770 17.057627 22.047348 26.964228
83 9.596 367.377594 42.989315 38.847046 43.536198 47.800179
65 10.955 51.029305 24.701990 15.762434 21.311775 27.095446
86 15.293 211.617508 30.616972 25.677141 29.349941 32.900555
86 12.970 54.399399 20.520342 11.309081 15.805917 20.730606
86 12.872 55.761711 19.760323 10.558279 14.886051 19.658051
73 13.844 73.544243 22.619667 16.394428 20.423464 24.308519
62 11.889 30.100990 28.760923 22.773577 27.982777 32.822929
79 9.274 241.063507 41.719864 37.710915 43.408348 48.405884
86 11.918 226.942108 35.252880 29.809698 33.927826 37.892414
77 12.073 52.518085 24.073080 14.956217 20.883221 26.993319
85 11.713 250.750946 38.024017 35.115067 39.045132 42.379047
86 11.992 130.022385 25.179024 17.555872 23.013479 28.312580
65 7.259 167.155807 41.311161 36.470753 45.054920 52.457039
83 9.391 239.255112 39.694153 35.553360 41.388241 46.533020
86 11.918 226.942108 35.252888 29.809698 33.927826 37.892422
83 13.332 72.812599 21.617704 12.811309 17.545946 22.622953
86 12.592 94.778267 24.519949 17.321379 22.187597 26.920719
82 11.734 129.091110 26.145264 18.666298 24.366297 29.835905
85 7.901 204.318420 36.765430 30.742762 39.116276 46.548965
84 13.764 208.370377 27.238319 23.453831 26.930120 30.042007
76 14.440 66.622620 20.325350 12.377805 16.382881 20.617786
59 10.882 656.037964 51.161705 49.073177 51.594078 53.762722
56 10.585 499.626343 47.169159 44.380199 46.854118 49.082424
72 11.420 25.885233 21.776009 11.785990 16.964157 22.677183
74 9.511 97.158386 32.186184 24.867418 31.462597 37.770065
57 11.820 35.177322 32.778797 27.569197 32.932480 37.844650
58 11.661 30.104931 30.407330 24.352257 29.087261 33.654922
82 11.786 107.195328 29.935482 23.506622 29.094627 34.370350
70 10.462 80.894157 34.891579 30.002577 35.218620 39.979904
78 8.745 194.873169 43.709370 39.828789 45.002815 49.606983
83 16.238 221.303879 25.634686 22.293234 25.787815 28.793575
75 12.048 51.168945 20.413057 11.069483 15.992273 21.282309
85 14.406 180.151917 17.180258 10.148054 13.427101 16.911478
84 12.488 117.003830 23.115957 15.476021 20.606752 25.623873
79 9.601 150.193573 33.059978 27.579676 32.421375 36.935104
78 7.924 190.532150 42.834133 38.036850 44.716644 50.674820
62 12.471 71.342667 26.551281 19.117575 24.443850 29.689774
84 13.655 591.002563 32.128128 28.861029 31.331444 33.540016
84 9.656 116.934456 34.376953 28.307507 34.661919 40.515007
86 12.400 119.606010 23.375969 15.692312 20.926935 26.033720
36 10.617 25.300163 34.522053 29.377415 34.528538 39.145378
42 9.011 155.781281 57.459274 55.761299 59.896095 63.409412
41 9.994 18.500027 23.100416 14.071525 20.162678 26.248789
84 10.602 578.009644 36.037678 32.082409 34.591908 36.983829
84 9.656 116.934456 34.376953 28.307510 34.661919 40.515007
86 12.400 119.606010 23.375965 15.692309 20.926935 26.033720
36 11.203 26.391588 32.133770 26.442068 32.505981 37.998222
47 9.531 159.691269 52.030422 49.575142 54.105183 58.005577
84 13.549 73.597450 25.777372 18.841702 23.343185 27.812035
84 10.602 578.009644 36.037682 32.082409 34.591908 36.983822
85 8.307 191.064377 40.168137 35.271450 42.472637 48.807209
86 12.400 119.606010 23.375965 15.692310 20.926933 26.033716
84 12.109 228.988312 35.566261 30.506453 34.831768 38.923225
84 14.143 117.602150 25.936125 19.900944 23.242373 26.674910
84 15.242 574.418274 35.515076 32.487343 34.928204 37.135105
62 8.691 22.461376 40.179703 35.488293 43.678608 50.738949
85 8.394 282.300934 41.868881 38.007805 44.929089 50.819031
84 11.018 240.212265 29.445589 23.787035 28.982122 33.768425
82 11.839 228.792480 36.330723 31.292040 35.722580 39.907284
56 8.550 18.751888 37.006111 31.258833 38.792255 45.532227
84 14.292 333.054443 33.026180 30.507669 34.142925 37.257553
84 10.978 171.801910 28.889648 22.450470 26.922768 31.350985
86 10.346 303.198212 37.086548 31.958553 37.703682 42.906120
84 12.672 189.878677 33.076756 27.598055 32.204884 36.501804
78 11.545 328.006042 35.767815 32.962116 36.921513 40.333965
84 12.305 341.140533 28.312119 24.007618 28.701439 32.831608
84 14.292 333.054443 33.026180 30.507669 34.142925 37.257549
84 10.978 171.801910 28.889652 22.450472 26.922770 31.350990
86 10.346 303.198212 37.086544 31.958553 37.703686 42.906120
84 12.672 189.878677 33.076756 27.598055 32.204880 36.501797
84 12.301 329.788025 33.065750 30.230824 34.000832 37.248333
84 12.305 341.140533 28.312117 24.007620 28.701439 32.831612
71 11.510 187.646561 43.811848 40.127190 44.830597 48.917091
50 9.005 251.925171 54.239159 51.196468 55.559322 59.391312
85 12.746 176.280350 33.302162 27.369329 31.940130 36.348587
84 12.999 321.192871 32.242626 29.807329 33.068497 35.841595
83 12.342 327.807098 33.615768 30.911598 34.632912 37.823067
77 11.590 326.037140 36.390915 33.712528 37.626003 40.983765
79 12.436 198.630310 31.791962 27.939688 31.758011 35.137543
76 11.446 104.850967 26.147501 18.168167 22.996521 28.029278
64 13.280 137.551559 35.824192 33.708439 38.092026 41.642536
82 14.680 145.274246 24.058487 19.108583 23.474184 27.357655
70 11.424 284.447235 26.531387 20.638737 25.246328 29.591730
45 8.843 171.543900 51.285763 49.566406 54.050308 57.800327
86 13.073 181.226791 23.330864 18.285187 21.620642 24.693024
84 14.283 111.744560 23.397116 16.850693 20.895205 24.891668
73 13.418 314.298096 34.104370 32.166862 35.013435 37.340473
86 13.825 290.040894 27.928171 23.409849 27.406841 31.072887
50 5.967 185.617859 47.822384 43.316494 50.222588 56.379288
45 8.751 180.480438 52.937695 51.667202 56.801010 60.957600
81 11.773 119.307884 32.829685 27.508081 32.515602 37.147869
48 10.762 31.944645 25.582815 18.467684 23.431429 28.252489
84 16.891 141.274628 27.656044 24.282425 28.296764 31.750301
50 5.989 198.616623 48.780807 44.213623 51.229015 57.522022
46 4.905 173.631104 56.879219 56.589832 64.625587 70.867531
75 9.929 179.067566 32.181541 25.582628 31.850235 37.742157
78 10.726 259.060242 38.715923 34.073257 39.431438 44.267574
59 10.953 171.748886 39.611736 35.752388 40.002785 43.761066
84 16.971 141.203995 27.644474 24.340073 28.338423 31.770458
47 5.253 178.230225 54.082073 53.007225 60.093552 65.798286
42 4.655 149.497116 59.310783 59.020309 66.544044 72.421692
36 4.559 90.597908 61.274754 61.052837 68.032661 73.520958
70 11.514 173.183243 35.430466 30.572035 35.967091 40.847309
81 14.288 192.749649 31.824947 29.515537 33.339619 36.556225
86 13.687 284.788452 27.656645 22.907772 27.110701 30.961235
79 9.018 291.031586 40.744865 36.305153 42.032551 47.128052
84 10.090 296.263184 38.065071 33.249626 38.961151 44.068005
86 10.829 275.083527 35.909870 30.702400 36.073208 40.979332
57 9.950 259.351593 33.738998 28.125921 33.896759 39.185448
83 16.188 150.116318 33.943947 30.544161 34.668999 38.285641
52 10.604 74.242035 33.449928 29.603333 32.058712 34.270927
84 10.282 295.232483 38.496639 33.759041 39.346142 44.351837
79 9.107 293.766693 40.476131 35.928791 41.762135 46.951633
75 8.927 274.189026 40.608925 36.184563 41.920116 47.003143
75 10.661 207.320694 35.133526 31.356966 35.199894 38.674877
80 10.173 208.798752 38.066505 32.621475 39.379070 45.492073
83 13.371 137.547989 24.315361 17.690538 22.103510 26.421501
85 11.784 185.856918 32.038296 26.569973 31.386412 35.845306
86 11.742 159.923904 31.957085 25.894619 30.806791 35.497265
44 7.315 45.238445 53.513145 52.912868 58.915970 63.621098
75 10.661 207.320694 35.133530 31.356962 35.199898 38.674877
84 10.927 209.522568 36.379169 31.009048 37.469872 43.309673
81 12.168 287.039734 20.088640 12.057803 16.516401 21.101139
85 11.784 185.856918 32.038300 26.569967 31.386414 35.845310
82 13.363 551.384644 22.074778 16.933445 19.942125 22.800339
51 8.380 48.104317 46.738926 44.767593 50.274937 54.788761
84 14.502 154.042892 37.596260 35.290131 39.098312 42.222668
67 9.592 161.601883 46.973186 45.060181 51.269238 56.310143
81 15.716 95.269859 22.998356 16.653812 21.029964 25.331964
66 8.724 522.036743 26.533604 22.640196 25.302834 27.757891
44 8.582 91.530922 46.272888 42.536510 48.671207 54.014660
69 12.988 49.290028 18.116270 8.903399 13.292774 18.090565
58 8.457 245.138092 40.943607 36.032284 41.899410 47.239662
86 13.404 89.779755 22.249775 13.374500 19.465530 25.545507
40 9.146 21.529568 26.070675 17.724258 23.200159 28.765829
29 5.975 142.365112 66.740677 64.398918 67.170372 69.823463
72 11.573 84.485588 25.892570 18.908409 23.677158 28.408287
40 9.141 112.880424 49.647717 45.826229 49.513130 53.047657
75 14.597 175.560684 33.608364 28.928816 33.260490 37.287998
72 9.707 88.351433 26.732122 17.674593 24.690769 31.585035
64 10.605 151.260010 33.386711 27.952078 32.529293 36.879421
68 10.012 43.259113 25.328218 15.465357 21.754335 28.366129
49 13.340 111.841301 33.371155 29.466602 33.754429 37.635193
55 13.791 114.310097 30.561440 26.317713 30.165707 33.707336
65 10.952 67.873085 27.201706 23.129000 26.599350 29.799063
63 12.715 36.073738 28.479046 22.405750 28.407585 33.884926
62 10.265 85.298286 26.264828 19.035498 24.219395 29.266184
71 15.211 104.833466 26.392563 21.236578 25.299641 29.114819
76 15.416 118.849922 26.742487 21.609533 25.605917 29.380884
83 14.159 129.238022 27.796885 21.393456 26.876551 32.112492
75 14.366 178.867279 35.036331 30.769646 35.364891 39.565201
86 13.960 112.837120 32.994911 27.967836 32.361717 36.491547
85 15.130 68.293106 24.542274 18.047283 21.868103 25.723917
76 15.017 106.571503 23.977701 17.964188 22.000870 25.927395
80 15.231 118.862885 24.223476 18.389669 22.298977 26.091782
84 14.042 153.964630 30.225704 24.121346 28.692171 33.226715
60 8.938 145.589478 38.232502 33.771152 38.347149 42.476318
67 9.139 136.754608 42.233891 36.696987 41.352417 45.913414
76 14.338 71.880440 22.770189 15.515724 20.909885 26.119892
86 14.020 244.264709 28.297173 22.044218 26.331030 30.666430
81 14.130 135.081619 27.867838 24.054516 27.784464 30.927177
62 13.686 36.405479 16.745060 9.229099 12.304238 15.613167
50 8.852 125.926010 30.698208 23.112324 28.190662 33.435474
56 8.725 215.909851 51.580875 49.472801 53.796947 57.472473
71 13.520 124.745621 21.241755 13.883575 17.632122 21.566814
80 12.239 138.251694 27.669083 22.492710 25.667633 28.765476
80 12.136 151.305389 30.683292 26.319016 29.688564 32.798286
49 12.896 20.237013 25.680260 19.850901 23.598680 27.270264
84 9.730 124.839165 31.125620 24.170500 29.861057 35.397102
84 9.730 124.839165 31.125616 24.170496 29.861057 35.397099
84 13.386 36.673698 28.273781 22.130692 27.442770 32.445168
78 13.806 195.430115 31.600595 28.128292 31.459198 34.357307
77 10.530 157.778137 32.927528 26.366302 32.192730 37.739906
66 8.936 141.059387 42.938797 38.472763 44.403507 49.761501
70 12.263 62.230129 31.066326 24.154409 31.065342 37.486923
79 12.007 258.922516 37.143139 32.522648 38.421875 43.627525
83 10.823 231.132980 40.569294 36.641403 40.625687 44.215942
82 11.450 126.618011 30.134872 24.396996 30.162991 35.444664
84 14.923 197.753387 29.053888 25.801706 28.914162 31.579378
86 14.663 222.550919 37.902077 34.221851 38.272766 41.901115
44 9.851 226.897568 54.764004 52.568848 56.044926 59.031174
84 14.027 63.032757 20.894630 12.363365 17.466898 22.746136
86 12.856 255.368134 35.294315 31.016794 36.239704 40.799603
86 12.856 255.363968 35.294567 31.017065 36.239742 40.799469
77 12.577 229.912277 37.276215 33.447285 38.710209 43.225204
65 12.340 109.181099 30.250757 24.804855 28.804535 32.615177
84 12.964 158.713867 28.785086 23.108482 27.585100 31.753929
84 12.964 158.713867 28.785091 23.108486 27.585100 31.753923
63 12.295 20.647068 25.436005 17.017870 23.000015 28.941185
37 10.014 287.154449 50.919907 48.008511 49.859364 51.618034
86 13.700 258.639069 33.389763 29.688391 34.213585 38.090679
84 10.581 105.272163 29.991934 24.265265 29.028015 33.507717
84 10.581 105.272163 29.991934 24.265270 29.028015 33.507717
71 13.233 159.539764 29.334875 23.775141 27.894930 31.845125
86 14.556 227.918625 38.584213 34.990849 39.220402 42.981701
85 13.770 169.867294 33.439354 29.247433 33.212616 36.761723
85 13.672 170.505630 33.444599 29.068415 33.151768 36.846256
74 14.340 45.646343 23.313858 17.084532 21.749020 26.208469
83 11.254 197.747971 38.767467 34.169514 39.339451 44.030796
83 14.506 94.662102 19.984327 11.833241 16.037626 20.468815
84 12.111 239.648636 27.312849 20.720888 24.757963 28.844337
84 11.097 254.675888 30.109188 23.837971 27.780758 31.792587
86 12.264 156.145370 32.483292 26.965111 32.137287 36.897663
86 12.759 48.093140 21.418787 12.391398 17.362652 22.612473
86 10.394 295.712097 35.211861 29.571520 35.943298 41.702412
84 12.673 170.371429 34.321358 29.613663 33.802116 37.671379
69 13.490 47.222271 23.823034 18.026514 22.583948 26.907932
85 12.139 72.681358 31.573030 25.847660 30.582336 35.048775
84 10.978 98.289711 25.316690 16.815193 22.032396 27.465561
33 7.502 38.792095 48.145260 44.575367 50.448547 55.628025
73 13.916 115.717896 22.151798 14.400204 19.067345 23.848436
70 12.100 145.074234 26.953953 19.818756 26.106932 32.047077
84 12.484 47.262489 21.476580 12.343265 17.283627 22.537861
85 10.345 276.610596 34.998447 29.324690 35.686058 41.441692
86 10.213 184.931046 34.408485 27.909063 33.841312 39.450687
63 10.067 225.636917 39.885147 35.651760 40.406494 44.645374
84 13.211 66.331398 24.931248 18.989433 23.777956 28.292606
63 10.930 186.445847 45.991074 42.430111 46.035782 49.337029
84 11.328 106.991333 26.858103 19.003824 24.411510 29.844721
84 11.328 106.991333 26.858103 19.003824 24.411509 29.844723
73 13.618 139.666794 23.997927 16.823561 22.332058 27.630016
72 12.173 109.205025 28.190372 21.789022 26.525206 31.106201
61 11.205 30.708469 30.057503 23.872313 29.322277 34.438446
64 5.300 352.567932 54.002197 52.862961 60.770924 67.102608
83 11.527 85.179329 26.971626 20.075195 26.104509 31.785645
72 8.919 137.716827 39.260117 35.233723 40.364380 44.900772
84 12.864 239.835770 26.745914 20.677500 24.012901 27.488352
68 13.348 49.379349 23.748804 16.985428 21.255037 25.503117
72 14.021 80.372353 20.938759 13.277009 17.600382 22.040384
86 13.869 73.065437 24.375891 17.498163 21.823959 26.136488
84 16.771 508.190033 29.587214 26.899414 28.160473 29.306612
79 8.729 290.415009 43.918400 40.685398 46.967010 52.318920
79 7.496 341.759064 44.582199 40.961147 48.380550 54.699539
68 7.413 290.385345 43.482327 39.906811 47.553947 53.986950
59 11.479 287.039154 40.898785 37.117268 39.949356 42.525963
75 12.101 77.767242 31.958828 26.995018 31.180437 35.055550
84 10.768 582.313232 36.008598 32.097656 34.754662 37.243744
84 10.768 582.313232 36.008598 32.097656 34.754669 37.243740
65 10.075 50.545383 27.599684 19.612736 25.742918 31.784931
67 9.639 21.758322 27.155039 17.757994 24.664043 31.635153
84 11.258 258.415771 29.602627 24.202217 29.543087 34.422932
66 9.534 230.004211 45.331470 41.690403 46.592659 50.908379
79 14.299 68.662598 20.998600 13.799712 17.795630 21.912510
58 12.079 22.182161 29.270250 23.309380 28.791986 33.851501
84 16.492 35.493958 21.178232 14.958613 19.205528 23.305952
86 10.032 211.086182 37.786842 33.814659 39.806141 44.941700
86 10.032 211.086182 37.786839 33.814655 39.806137 44.941700
86 8.865 292.272308 40.973991 37.088051 43.762379 49.452133
86 8.865 292.272308 40.974003 37.088051 43.762375 49.452133
86 14.049 160.811966 28.854940 24.237730 28.275553 31.879965
85 12.980 86.848282 22.776039 14.114269 19.168039 24.451534
84 17.446 521.348572 30.092918 27.164917 28.676014 30.101254
73 12.603 510.251678 36.243793 32.157619 34.231930 36.272274
83 9.057 266.420807 42.129208 38.087482 43.701180 48.651272
84 7.928 259.402039 42.880440 38.603729 44.177692 49.216209
84 7.919 257.354187 42.826031 38.531811 44.159771 49.241398
84 11.867 115.336967 22.671604 14.488114 19.788967 25.058533
64 9.800 450.032562 31.738884 26.362974 31.588312 36.444767
80 12.710 60.721714 25.644556 17.727648 23.305733 28.873489
84 11.836 78.335686 26.607773 17.948885 23.950001 30.083115
81 11.968 390.896423 27.429777 22.730007 24.516911 26.395742
60 13.002 22.767954 24.730534 18.083681 21.876987 25.629374
84 7.981 355.351593 46.410469 42.879513 48.986183 54.274403
83 10.482 123.567520 34.438766 29.446175 34.320946 38.818943
83 10.482 123.567520 34.438766 29.446180 34.320946 38.818943
84 16.153 220.514435 27.627132 23.447231 26.571833 29.400204
84 12.356 228.981384 32.409393 26.891756 31.419512 35.743610
84 10.159 190.434464 39.662689 35.415745 40.856838 45.713921
57 12.416 142.218964 43.217518 41.536968 45.109390 48.066628
81 11.450 231.594559 37.350483 32.443211 37.402576 41.989475
81 8.238 189.329895 40.757324 35.400051 41.701580 47.526691
74 8.159 172.621445 41.477566 36.030903 42.178589 47.913330
37 9.006 27.476252 37.452492 32.354580 38.914051 44.795464
42 11.069 28.866760 31.452419 25.589649 31.785116 37.455631
84 12.564 35.318592 23.617785 15.502256 20.710573 25.989752
80 16.025 54.124969 16.082357 8.960730 12.279268 15.796094
84 14.675 324.068634 32.224117 29.834040 33.166576 35.989986
84 14.675 324.068634 32.224083 29.834028 33.166557 35.989960
73 12.097 183.713043 42.410755 38.656483 43.226650 47.218437
78 12.387 172.330017 26.183901 20.571991 25.293356 29.620249
84 12.306 204.253738 29.567211 25.586388 29.163641 32.332718
84 13.675 132.128479 31.355030 25.962980 29.651951 33.200916
73 13.789 89.324364 22.125309 15.982211 20.156141 24.222656
71 11.880 171.561111 34.992981 30.312183 35.565872 40.277203
75 13.769 94.973343 34.857216 30.091999 35.631668 40.642643
82 14.165 194.612869 36.275471 33.039577 37.710758 41.779789
74 13.611 194.387543 39.707024 36.691795 41.847092 46.297356
52 9.387 248.787537 52.448898 49.234253 53.448277 57.170113
62 9.070 153.952682 27.843746 19.485090 25.469475 31.517664
81 11.195 102.321030 26.607645 19.735312 24.669983 29.516560
50 10.976 78.835815 33.918159 27.841293 32.314182 36.687733
61 10.694 151.631958 40.310207 35.790943 40.509815 44.869141
41 8.361 259.124573 64.455482 63.655582 66.027138 67.916893
63 11.016 247.161224 40.073395 37.077133 40.753014 44.047958
86 13.225 133.243515 29.086983 23.935163 28.691936 33.008606
84 12.119 130.392792 26.917652 20.678005 25.449402 29.997637
48 11.852 42.174133 36.315960 32.934414 37.184566 40.891159
66 7.863 146.168503 34.877186 28.590433 34.686371 40.463280
71 11.513 332.992218 29.003679 25.061937 29.511072 33.364647
86 15.914 151.506546 24.798332 19.023495 23.863096 28.463308
86 15.914 151.506546 24.798328 19.023495 23.863096 28.463305
86 13.885 195.934998 29.589262 24.306715 27.851393 31.271730
86 13.885 195.934998 29.589264 24.306717 27.851393 31.271730
84 12.740 179.065399 32.526470 27.030960 31.679983 36.008453
84 15.018 172.420944 30.127436 25.718966 29.500366 32.896259
86 14.146 310.798065 30.806675 28.592104 31.462269 33.867313
70 10.428 154.092728 31.949163 25.824726 31.707642 37.174175
84 12.483 135.122803 27.119289 20.378695 24.894714 29.366304
50 5.999 202.541397 49.015053 44.550419 51.543667 57.801525
47 9.789 32.034832 36.322842 30.555750 37.004711 42.891987
80 11.884 250.604263 38.347370 35.002754 39.736595 43.790901
84 10.768 279.057678 37.892292 33.260063 38.854042 43.814404
84 14.085 156.280594 33.204945 29.254513 31.989395 34.539066
85 13.098 319.593445 31.601524 28.991417 32.434467 35.359108
85 13.098 317.434662 31.962727 29.416037 32.772633 35.623245
69 11.651 279.630493 31.775841 27.199436 31.581402 35.497639
47 4.915 205.686234 54.583080 53.792240 62.047405 68.529137
45 5.408 185.552994 51.466209 47.692734 54.846912 61.084099
40 5.242 148.832382 64.042770 63.424995 68.754738 73.065109
84 10.048 284.067230 37.647408 32.618702 38.529671 43.808514
79 8.990 277.827911 40.154106 35.537788 41.425728 46.652725
84 13.115 323.139893 31.140635 28.232437 31.968380 35.162910
84 13.115 323.099731 31.139072 28.228804 31.965422 35.160809
79 14.906 295.013062 40.450584 37.851208 40.218777 42.351616
43 8.443 187.582672 55.346691 54.299664 59.668175 64.006004
43 6.265 160.781296 60.370121 59.453205 64.353981 68.372650
75 10.911 148.741364 31.169775 24.838375 30.252110 35.370037
75 12.393 201.770874 30.399023 27.177818 30.610182 33.527401
85 10.526 264.774963 36.049812 30.727074 36.388760 41.527073
73 12.345 231.480118 39.279980 36.607960 41.219646 45.026451
81 9.634 151.675995 43.592983 40.791058 47.633720 53.395634
79 8.602 151.667023 44.637264 41.806942 48.817371 54.722565
56 7.163 230.590576 52.312862 49.473377 55.272911 60.313728
60 8.246 217.075668 47.026878 43.831242 49.943584 55.181210
84 15.425 142.876373 24.839756 18.841434 22.658836 26.429920
74 14.222 159.901779 40.622272 38.170376 42.720432 46.560699
58 10.170 50.456718 31.120253 26.873814 30.466688 33.769115
55 5.625 275.296204 52.147820 49.769566 57.673340 64.202797
59 10.088 200.192307 45.056564 43.294827 48.432316 52.582520
80 10.712 225.274429 37.630402 33.906670 40.134666 45.408592
86 10.971 237.524811 35.106030 30.620169 36.564564 41.741920
59 7.482 215.932938 51.083462 48.674892 54.232571 58.927879
73 12.877 178.151413 38.200550 35.598999 39.366863 42.590015
70 9.867 100.306694 27.131805 18.519390 25.666271 32.551132
66 11.434 32.890751 29.113079 23.319754 29.527046 35.092289
84 13.912 179.909927 31.335943 26.400530 31.146805 35.447304
58 6.438 186.699524 45.525600 42.231415 50.876328 58.024025
71 13.556 79.980385 27.361965 21.419373 27.367210 32.767719
86 14.350 121.887688 32.305866 28.964954 32.058189 34.790287
84 14.320 182.184845 36.291691 33.833691 37.874046 41.176430
81 14.793 183.735107 38.287331 36.218418 40.317093 43.674011
83 11.765 187.869446 33.551662 28.681444 33.643623 38.164711
86 11.686 200.668655 32.658047 27.117054 32.368671 37.215637
85 12.710 155.129349 31.590816 26.856943 30.528719 33.983265
83 12.831 88.472267 24.756771 19.667881 22.068808 24.416212
66 13.168 79.133087 20.319036 14.345848 17.676317 20.965927
82 14.457 121.404716 23.943245 17.527199 21.831722 26.116085
60 6.275 266.293121 49.265003 46.772907 54.569969 60.976360
42 6.555 97.289352 50.959175 47.485626 53.847980 59.452206
60 6.275 287.087494 49.270432 46.626350 54.283066 60.622166
31 7.656 93.808640 55.614952 53.229340 56.932728 60.215679
36 8.173 123.372765 38.559464 33.707371 40.345310 46.243382
73 14.517 99.789871 23.053120 16.655312 20.595743 24.519346
78 14.433 102.648911 22.130159 15.345966 19.383839 23.460907
84 13.482 171.815536 25.994780 21.339987 23.785421 26.131680
84 16.372 77.373619 21.991741 16.369888 20.013939 23.594467
58 7.478 119.929520 40.724037 34.884357 42.648182 49.639153
59 7.936 211.694473 52.747475 50.331017 55.623856 60.099274
57 7.725 136.824127 53.014198 50.859684 56.438938 61.078217
35 8.012 106.469978 54.232761 51.270153 55.136669 58.660904
50 13.517 107.634201 29.954018 25.786211 29.671768 33.235950
77 14.743 113.147240 23.768362 17.849833 21.668716 25.408314
82 14.615 116.261841 22.276682 15.764154 19.649946 23.549562
86 14.905 147.535355 29.062702 24.242052 28.373755 32.185867
82 14.638 123.905617 19.229414 11.709172 15.473384 19.440807
44 7.720 34.398621 47.615440 45.848732 52.800724 58.385136
79 8.763 192.687698 39.223495 34.194221 40.418156 46.083164
37 5.199 147.966263 60.720863 61.144268 67.558632 72.491722
40 8.719 113.964775 49.794769 45.978920 49.649483 53.152168
55 13.615 115.154671 30.840374 26.921259 30.583374 33.933086
80 14.896 123.861877 25.549114 20.003170 23.928242 27.742193
65 10.351 174.981964 34.724876 29.084484 35.858673 41.949913
42 6.331 86.509811 54.344471 53.276745 59.968609 65.293251
85 13.274 102.539680 28.160589 21.499176 25.641855 29.766800
