6   0.617   0.617
7   1.313   1.930
8   1.293   3.223
9   1.283   4.505
10   1.225   5.730
11   1.378   7.108
12   1.394   8.501
13   1.649  10.150
14   1.592  11.743
15   1.632  13.375
16   2.923  16.298
17   2.861  19.158
18   2.842  22.000
19   2.820  24.821
20   2.782  27.603
21   2.717  30.319
22   2.670  32.990
23   2.975  35.965
24   3.036  39.000
25   3.026  42.027
26   2.969  44.996
27   3.289  48.285
28   3.304  51.588
29   3.510  55.098
30   3.482  58.580
31   3.618  62.199
32   3.659  65.858
33   3.801  69.659
34   3.843  73.502
35   3.892  77.394
36   3.938  81.332
37   3.897  85.229
38   3.953  89.182
39   3.918  93.101
40   3.934  97.034
41   4.031 101.066
42   4.345 105.411
43   4.400 109.811
44   4.545 114.356
45   4.561 118.917
46   4.549 123.466
47   6.948 130.415
48   7.359 137.774
49   8.528 146.302
50   8.460 154.762
51   8.695 163.457
52   9.161 172.618
53   9.296 181.914
54   9.626 191.540
55   9.701 201.241
56   9.635 210.876
57  10.309 221.185
58  10.241 231.426
59  10.436 241.862
60  10.594 252.456
61  10.706 263.162
62  10.710 273.872
63  10.655 284.527
64  10.591 295.118
65  10.672 305.790
66  10.666 316.456
67  10.691 327.147
68  10.729 337.877
69  10.700 348.576
70  11.061 359.638
71  11.030 370.668
72  10.967 381.635
73  11.430 393.065
74  11.426 404.490
75  11.432 415.923
76  11.413 427.336
77  11.792 439.129
78  11.757 450.886
79  11.998 462.884
80  12.235 475.118
81  12.196 487.314
82  12.259 499.573
83  12.219 511.792
84  12.243 524.035
85  12.233 536.268
86  12.320 548.588
87  12.263 560.851
88  12.208 573.060
89  12.229 585.288
90  12.413 597.701
91  12.358 610.059
92  12.302 622.361
93  12.518 634.879
94  12.493 647.372
95  12.581 659.953
96  12.832 672.785
97  12.934 685.719
98  13.108 698.827
99  13.262 712.089
100  13.202 725.291
101  13.207 738.498
102  13.178 751.676
103  13.294 764.970
104  13.357 778.327
105  13.360 791.687
106  13.386 805.073
107  13.531 818.605
108  13.593 832.197
109  13.674 845.871
110  13.736 859.607
111  13.841 873.448
112  13.791 887.240
113  13.855 901.095
114  13.914 915.009
115  13.944 928.953
116  14.046 942.999
117  14.069 957.068
118  14.024 971.092
119  13.979 985.071
120  14.063 999.134
121  14.006 1013.140
122  13.967 1027.107
123  13.915 1041.022
124  13.865 1054.887
125  13.892 1068.779
126  13.851 1082.630
127  13.899 1096.528
128  13.868 1110.397
129  13.927 1124.324
130  14.071 1138.394
131  14.177 1152.572
132  14.223 1166.795
133  14.179 1180.974
134  14.184 1195.158
135  14.237 1209.395
136  14.205 1223.600
137  14.241 1237.841
138  14.239 1252.080
139  14.234 1266.314
140  14.315 1280.629
141  14.401 1295.030
142  14.370 1309.400
143  14.479 1323.879
144  14.495 1338.374
145  14.481 1352.855
146  14.436 1367.290
147  14.509 1381.800
148  14.575 1396.375
149  14.570 1410.945
