66 7.546 381.126556 55.219082 51.560772 55.772736 59.716328
49 9.867 142.981827 46.868690 45.216049 49.980125 53.809223
60 8.874 213.150208 45.566216 42.313347 46.969177 51.027340
55 8.150 330.719696 59.748791 57.213089 60.479687 63.464146
60 7.991 350.359741 57.898903 55.377743 59.039558 62.339523
66 8.030 352.966919 54.642883 51.430523 55.269936 58.835392
63 7.820 379.095856 58.429199 55.736904 59.739002 63.363716
46 9.384 144.216873 51.041630 50.563141 55.163860 58.681725
60 8.874 213.150208 45.566216 42.313343 46.969170 51.027332
62 8.717 331.540710 54.334919 51.468887 54.625381 57.528046
67 8.579 348.497162 53.662491 50.934372 54.405941 57.553925
72 8.588 354.451111 50.963337 47.647011 51.305283 54.714039
56 7.841 377.351959 63.592754 62.139103 66.044655 69.358330
59 9.647 55.779587 32.734951 25.660698 31.845646 37.865479
58 8.773 212.994125 46.755199 43.760090 48.519516 52.613960
68 8.550 355.554413 54.034950 51.320984 54.986477 58.260143
72 8.475 378.055481 53.703148 51.344639 55.268627 58.697002
72 8.475 378.055481 53.703156 51.344631 55.268642 58.697002
68 10.480 151.640762 40.111122 35.546074 40.154633 44.394905
40 10.093 142.067886 47.710976 44.802261 48.053722 50.958820
66 10.983 139.767654 31.188725 24.456480 30.866116 36.887669
43 6.638 180.738113 54.510487 53.293461 58.085075 61.995247
42 6.723 67.422867 53.172451 49.592587 54.477627 58.941250
35 9.649 41.479618 37.751995 32.342846 37.965820 43.188049
60 9.194 178.483337 43.591858 40.768444 43.966358 46.735073
37 9.823 9.975160 34.781761 28.675837 34.036110 39.134651
68 11.711 410.693237 43.114166 40.729618 43.075489 45.125374
42 6.496 52.380619 55.066761 51.244774 56.645828 61.523827
45 6.706 79.339844 52.516212 48.454590 54.031700 59.159317
49 8.231 97.583466 31.340836 23.484642 30.506365 37.292404
58 10.105 305.543793 53.007313 51.082363 53.954224 56.423553
72 11.985 307.176331 43.464924 41.228951 43.522438 45.502274
41 10.947 20.574123 31.875551 25.521484 31.418962 36.978535
52 7.686 240.022629 51.115803 48.458584 53.708866 58.227745
57 8.856 240.806808 46.996025 44.157673 49.010902 53.185406
58 8.890 216.835739 44.003811 40.996597 45.583363 49.541370
70 9.780 356.227203 51.037788 48.388828 51.838707 54.904846
67 10.502 355.253357 52.053509 50.149155 53.382839 56.129353
45 8.528 180.808426 52.765404 51.397945 55.001675 57.952427
55 7.276 242.219315 48.851082 45.749058 51.183922 55.924892
50 6.633 239.209595 53.121777 50.440331 55.944515 60.721054
53 5.182 350.849701 65.338791 63.353397 67.562469 71.263771
67 9.929 316.622467 43.410019 39.804024 44.477577 48.625961
62 7.998 161.735092 51.908672 48.644588 53.183155 57.237545
65 11.108 80.216827 39.194244 35.691048 40.829449 45.336681
71 12.831 153.495529 35.916111 30.651114 33.754074 36.914169
51 5.062 87.351921 53.361382 50.670612 58.711815 65.348915
64 7.544 63.592808 35.669102 28.182728 36.287205 43.835945
72 11.091 316.872650 40.863468 37.189266 41.490326 45.314541
67 8.991 162.121552 48.618610 44.871319 49.122955 53.008224
62 10.627 28.344238 25.045845 16.778286 22.637518 28.456949
70 12.808 156.645081 35.081284 30.108284 32.898815 35.745453
56 8.267 44.145573 44.243309 40.405090 47.976227 54.408543
69 10.753 86.036377 36.348873 31.859516 35.562134 39.039948
70 11.564 307.281464 41.118420 38.288094 42.031509 45.188122
69 10.036 157.828995 46.800194 42.918678 46.942112 50.664043
65 10.013 64.450226 34.166401 28.907125 34.685390 39.929218
62 11.196 34.078815 26.000183 18.654690 24.401604 29.880859
70 10.343 49.279701 29.202541 22.467693 27.092688 31.624861
62 8.096 144.412872 38.822315 34.149868 37.399212 40.621475
68 10.519 164.478836 40.009823 37.383633 41.709248 45.270378
42 6.583 225.767960 58.667145 55.209980 60.032063 64.412727
33 5.700 24.987083 52.909916 50.701431 57.742817 63.602997
61 8.096 47.465092 39.515797 33.821537 41.683010 48.663437
64 8.133 127.158531 38.964291 33.373512 38.825001 44.007637
70 14.103 50.250938 21.653269 14.515366 18.634274 22.832666
65 10.070 161.329758 43.645924 41.551113 45.892849 49.403183
37 8.173 38.316406 47.841805 43.190247 48.702286 53.730824
67 10.788 88.705307 36.356834 31.984459 35.790546 39.280281
69 9.353 380.073517 41.196606 36.534084 40.515991 44.374649
64 8.730 278.448120 39.433144 33.998672 38.535435 42.990395
72 11.462 83.493645 30.791727 25.173094 29.703356 34.001301
54 9.015 53.655872 35.430565 29.917477 35.082230 39.921780
58 8.109 312.133026 53.101742 49.837471 52.842361 55.700264
72 8.429 336.884979 44.687790 40.385029 43.225113 46.066494
72 10.442 165.464081 42.488567 38.611622 42.198017 45.482525
40 10.176 27.636293 36.668064 33.192657 38.537498 43.067940
58 10.552 50.261650 30.260828 23.710079 29.000164 34.057831
50 7.025 308.528290 53.312260 50.765133 55.815548 60.182510
68 8.578 149.226471 42.053318 38.242237 43.373486 47.965157
63 8.347 140.791397 47.656242 44.439278 48.323730 51.804016
58 9.847 70.198776 30.831898 23.195612 29.451075 35.568451
64 10.587 89.571121 22.404757 13.505520 17.998295 22.903574
47 7.343 40.502243 47.203671 44.107037 50.575134 56.010571
72 11.209 44.265148 22.767067 15.958206 20.411644 24.661249
65 10.960 40.042229 36.164181 30.499727 36.044472 41.180901
66 10.956 42.248634 20.422621 13.038497 17.350765 21.721239
42 9.631 36.229248 38.497200 33.706795 38.471970 42.870644
49 5.877 233.870331 63.045704 60.305550 65.022522 69.240562
49 5.800 185.081558 62.062141 59.289291 63.491272 67.371368
72 10.319 62.461941 30.737078 26.088081 31.116163 35.565472
60 11.016 37.383652 33.924606 27.874660 33.408684 38.591419
56 11.287 29.343761 27.118683 19.229443 25.598173 31.847042
53 7.881 145.204559 44.948589 39.839600 45.365612 50.568588
58 10.361 147.574539 39.507935 35.008884 39.291996 43.294384
65 10.662 71.621796 30.412495 23.868090 28.403429 32.888416
66 10.009 62.440590 33.199856 28.328922 33.871693 38.780884
71 9.729 66.194717 27.623770 20.441320 25.734699 30.919930
45 8.980 26.344860 32.008736 24.158499 31.439507 38.414085
58 9.026 147.587219 42.314899 36.857880 41.932499 46.812916
60 10.372 148.463470 39.129074 34.108582 38.380924 42.474178
65 10.405 65.183182 34.247330 28.145407 32.131702 36.210651
42 9.655 83.523125 44.257854 39.484955 42.831905 46.065163
57 9.113 13.697815 33.095375 25.487556 32.483227 39.237617
39 7.693 120.503418 47.954861 43.666622 47.657337 51.533695
44 6.985 184.680817 56.151695 52.742558 57.463558 61.782520
41 6.627 184.527985 58.826916 55.703495 60.291481 64.467163
35 6.812 133.889221 59.961494 56.632107 60.834766 64.737350
57 11.338 18.761391 25.822680 17.733885 23.331020 28.927067
72 11.254 44.560600 29.451883 22.591019 28.486673 34.082233
39 7.197 124.752899 50.167671 46.065453 49.992653 53.811886
39 7.542 36.132679 46.878712 43.373558 50.275928 56.223507
40 9.140 90.325623 49.142456 44.607662 48.922146 52.994720
42 9.676 90.693497 46.781815 42.247398 46.442394 50.378971
57 11.429 10.983572 25.256575 17.625669 22.173159 26.791485
51 11.712 18.392950 33.347595 29.191828 33.961292 38.206627
47 8.089 182.994064 48.846684 44.916561 48.532970 51.914211
42 8.597 79.653709 45.448051 39.619347 44.655132 49.557892
42 8.597 79.653709 45.448051 39.619347 44.655132 49.557896
69 9.380 58.958260 29.223763 21.582541 26.877607 32.213928
57 9.697 91.209267 42.247047 37.609772 42.301327 46.690697
69 10.068 160.288940 39.474911 34.116409 39.136963 43.926411
44 8.761 12.659660 33.509354 26.151756 32.889183 39.378658
59 8.409 136.244720 33.614716 27.100067 30.212357 33.595440
59 8.453 135.756516 35.134548 28.896225 31.933891 35.202362
46 10.005 8.474331 27.817329 18.622046 25.219238 31.892918
54 8.521 164.477264 30.243546 22.411587 28.803385 35.102737
58 6.663 153.140106 51.506237 46.605927 52.687447 58.263443
58 8.864 37.273670 32.157597 24.003973 31.956455 39.450195
58 7.914 47.616077 40.625340 34.664185 41.264469 47.382172
61 10.583 77.317772 24.477638 15.498538 21.110817 26.926687
69 8.780 56.000191 37.133595 31.874914 38.502953 44.339302
59 8.339 248.232849 32.469547 24.406803 31.969673 39.245857
66 10.035 112.643723 35.834515 30.244356 33.851467 37.385254
69 10.935 68.344948 21.013765 12.008807 16.340742 21.070910
63 7.934 48.277992 38.465946 32.000671 38.348862 44.366699
70 8.309 53.419373 41.176319 36.569256 42.833843 48.353985
72 8.485 53.380852 40.435638 35.638252 41.819633 47.315731
60 8.343 239.510544 31.607660 23.351164 30.767462 37.972897
65 10.967 111.841400 36.282810 30.765089 34.439137 38.023777
62 11.293 60.538250 32.687439 27.768639 32.524986 36.849625
67 10.369 44.600536 27.832846 20.536015 25.645845 30.720768
71 9.757 55.318890 28.805094 21.373470 27.106199 32.634495
70 9.246 54.029316 33.021942 26.496305 32.642933 38.330704
68 8.249 131.949142 40.583591 35.452423 40.371765 45.047775
42 10.173 86.462906 36.708107 31.211258 35.091900 38.875526
71 10.986 77.634453 33.616020 27.257402 32.352474 37.257027
69 9.942 113.611534 32.983032 27.117096 32.029655 36.715740
58 9.186 148.255127 46.548050 42.285717 46.929520 51.149052
58 7.415 293.134155 43.730091 39.791428 46.716751 52.729343
40 9.511 90.737099 47.710899 43.731815 47.824036 51.605366
40 9.511 90.737099 47.710899 43.731808 47.824028 51.605366
70 11.246 26.051008 23.353615 13.917093 20.048384 26.386095
63 9.045 165.616592 40.794430 36.293102 42.630589 48.211105
58 8.215 146.546997 49.891796 45.597542 50.771591 55.465153
72 8.778 123.103607 33.160782 26.172413 31.549534 36.956284
70 12.133 88.519745 37.596859 34.959373 39.162964 42.706360
70 11.254 63.447510 31.301346 26.342314 31.364426 35.945103
25 3.854 9.170149 62.731224 64.156937 71.222664 76.544830
59 7.684 221.954880 36.047150 29.121977 37.238846 44.724724
52 7.253 128.816437 50.640076 45.851986 51.149879 56.087276
68 8.482 141.842499 33.808765 26.817825 33.780407 40.383953
69 10.337 76.636475 38.431873 32.993412 38.162739 43.032795
61 8.440 175.850342 45.158577 40.590542 45.952221 50.859203
64 9.264 181.770538 43.234123 38.409451 43.412094 48.021881
25 4.890 192.461456 71.719604 70.054581 73.742790 76.951401
72 12.837 177.668930 34.495865 30.925503 34.725498 38.061832
37 7.870 20.821974 32.924503 25.636850 33.247757 40.358295
68 7.942 454.893372 56.335449 53.959538 57.856762 61.335728
65 8.171 360.372711 54.627079 51.354565 55.047745 58.513271
58 8.088 359.404205 59.213501 57.022461 60.636696 63.832100
58 8.756 194.011261 43.489510 39.566250 44.814003 49.464920
60 8.318 207.850479 44.057175 40.580975 46.178677 51.006794
47 5.661 393.872253 68.872910 68.399200 71.914268 74.805771
59 5.891 451.966919 63.158195 61.520519 65.647697 69.215912
70 12.124 61.182270 36.312138 31.573208 36.876812 41.661957
66 12.272 70.501671 34.117786 28.837057 34.085663 38.900234
60 11.868 165.513138 41.104362 37.009010 41.148308 44.952114
58 8.756 194.011261 43.489513 39.566242 44.813999 49.464916
59 8.350 203.435211 44.550194 41.211246 46.641788 51.317734
67 9.141 397.383881 50.784389 48.337914 51.057972 53.536282
65 8.958 451.887238 56.812752 55.607544 58.975231 61.771317
60 8.894 208.703842 44.999599 41.740929 46.560249 50.739395
60 8.894 208.703842 44.999599 41.740925 46.560253 50.739399
57 8.696 208.543396 46.726006 43.904331 48.846432 53.037033
66 9.895 87.262192 31.615002 26.168272 31.899015 37.076378
67 9.216 117.428902 43.715321 40.426800 44.399307 47.975807
70 12.842 129.504440 28.637201 23.409201 27.964163 32.148666
46 7.592 132.180359 36.723873 30.033087 37.414650 44.259975
57 8.709 339.990448 57.685562 55.136475 58.311825 61.210686
62 8.672 340.416779 54.075329 51.137310 54.296715 57.214729
69 8.535 442.766296 53.362854 50.732471 54.226521 57.380161
37 5.183 66.871765 63.260452 61.830559 67.225922 71.724945
42 5.644 72.704224 59.792034 57.354816 63.040707 67.926247
50 6.946 231.507187 52.702999 50.097610 55.615223 60.366226
56 7.969 232.321335 47.440556 44.502705 49.692623 54.170937
62 8.532 359.661469 56.104832 53.544479 57.101669 60.309845
67 8.530 360.383118 53.098484 50.218742 53.770840 56.997585
72 8.453 464.659271 53.520947 51.183674 54.946381 58.260567
38 5.089 64.992477 62.357452 61.792191 67.290146 71.722702
42 5.454 74.278145 60.519390 58.440441 64.066101 68.892418
55 8.579 230.843918 48.293880 45.583614 50.496498 54.704418
51 6.305 231.270157 52.308563 49.349598 55.141846 60.214256
68 8.541 362.195587 53.005180 49.783833 53.475071 56.909737
72 8.574 362.330353 50.576374 47.096420 50.688442 54.065159
72 8.453 464.659271 53.520950 51.183674 54.946381 58.260567
42 7.940 67.751511 57.810204 56.171654 61.333305 65.612366
41 5.162 185.482300 64.667618 63.565384 68.108162 71.836304
56 8.999 207.018982 44.989258 42.217670 46.873299 50.840771
53 5.246 359.795074 65.171165 63.147903 67.303696 70.966164
65 10.066 314.290192 44.212994 40.932793 45.516766 49.525383
70 11.212 315.372162 41.529011 38.152100 42.376400 46.075123
72 11.651 307.472961 40.067093 37.172440 40.826664 43.909039
68 10.419 164.804047 40.903061 38.443066 42.863419 46.481495
65 10.343 160.036819 43.971920 42.007954 46.215202 49.611824
56 9.843 132.368195 50.062386 48.799366 52.904217 56.199684
50 8.029 306.384857 52.797062 50.668846 55.429718 59.459038
69 9.522 317.686188 42.816422 38.820072 43.665684 48.044548
55 7.051 198.552032 48.773678 45.588409 50.635498 55.137825
54 7.625 196.130447 48.116524 45.481003 50.435757 54.716331
41 8.222 44.098171 46.422623 41.774155 47.547211 52.822319
36 8.509 32.892303 44.744583 39.405174 45.027122 50.262566
58 8.109 312.132965 53.101742 49.837456 52.842369 55.700249
70 9.383 338.929626 43.398884 39.736061 43.879612 47.670044
63 10.225 79.968475 40.392029 36.835197 42.095303 46.721283
58 8.802 79.782990 43.580273 40.038181 45.737724 50.748844
62 10.327 94.499886 40.600468 38.076038 43.007370 47.106319
33 5.584 164.859146 70.969162 70.062958 73.135216 75.777878
66 10.012 86.696915 35.834782 31.496664 35.775131 39.668949
72 8.429 336.884918 44.687786 40.385029 43.225113 46.066483
63 8.347 140.791397 47.656250 44.439266 48.323730 51.804012
70 12.739 148.914062 35.101124 29.914234 32.926521 35.977127
45 9.142 70.334290 31.007956 25.275127 29.559845 33.803833
56 6.506 104.031479 47.211845 43.458340 51.319492 58.048023
70 10.979 59.935448 31.417683 25.367634 30.347395 35.100239
69 8.487 368.855347 42.074268 37.075512 40.530384 44.022533
72 10.442 165.464127 42.488567 38.611637 42.198017 45.482540
54 11.138 92.369049 24.648918 20.255978 22.948364 25.497217
54 6.218 111.713364 50.624020 48.076286 55.818504 62.246719
35 9.071 19.004053 41.534565 37.697136 43.600594 48.698448
72 10.290 50.595154 28.768572 21.798962 26.481438 31.115099
69 10.852 284.826508 38.270687 33.929817 38.429775 42.530155
64 8.243 266.310791 38.987274 33.390553 37.237064 41.134308
40 9.129 29.682524 38.110703 33.732574 40.148964 45.720840
25 5.506 150.544998 67.606171 65.310425 69.393082 72.965553
66 10.585 84.784485 37.631020 32.876316 36.769436 40.449913
71 10.717 86.142181 35.475899 30.946894 34.566425 37.971813
62 9.561 79.884483 33.239639 27.521379 33.352558 38.682018
72 14.139 57.291237 17.325998 8.652352 13.135065 17.874968
72 11.384 94.063744 32.682713 27.184338 31.268778 35.212807
58 11.217 36.090229 32.014244 26.831278 32.016647 36.737309
49 7.529 87.229362 50.809223 48.673206 53.478954 57.493881
70 9.936 58.809967 33.126762 26.987030 33.592857 39.596844
70 9.811 176.960999 46.019104 42.610115 47.399574 51.568710
64 8.498 182.412170 50.078438 47.302570 52.525776 57.004303
35 8.565 27.218019 44.067116 39.116280 44.952686 50.275822
55 12.288 21.442087 27.157906 20.451767 24.542248 28.730282
72 12.631 33.827072 26.271605 20.152077 24.887236 29.355398
50 10.849 124.756775 41.776890 37.644737 41.427868 45.005070
66 11.311 48.851593 29.664093 22.573597 28.475946 34.118710
63 10.702 43.098774 22.374407 13.489362 18.337400 23.519835
69 11.228 86.637115 22.610760 16.272299 19.725264 23.223120
47 7.039 180.016373 48.304672 45.048359 51.877804 57.741417
72 11.803 39.875202 25.480553 17.734077 23.270147 28.701773
56 9.509 24.646235 29.673445 21.271997 28.224047 35.023891
69 9.471 152.523453 42.095692 37.399097 42.393360 47.049873
55 6.989 155.873962 49.419678 45.562122 52.355061 58.265270
55 6.989 155.873962 49.419682 45.562119 52.355061 58.265270
51 6.957 39.847134 44.910046 41.171963 48.621399 55.027061
41 5.964 126.482422 51.456310 48.272137 53.282124 57.753738
41 5.964 126.482422 51.456310 48.272129 53.282139 57.753746
66 9.762 138.227921 36.051228 30.510256 35.705666 40.533772
59 8.384 143.957062 34.231766 27.743887 30.777229 34.074638
44 4.785 240.585129 67.106697 65.442566 70.077988 74.049263
53 8.948 133.811798 46.929829 42.913826 47.778183 52.128506
60 9.830 138.542145 43.554420 39.055717 43.380474 47.398254
42 9.060 254.062485 48.609779 45.520523 50.693695 55.212315
41 7.331 182.356369 58.184570 54.613068 58.687168 62.445793
50 7.756 44.220486 41.160423 35.389252 42.330658 48.777802
59 8.414 143.592819 36.741589 30.824001 33.848373 37.024952
49 4.920 255.596268 66.219254 64.412628 69.108963 73.167908
58 10.336 148.853775 42.401382 38.699497 42.426792 45.811680
62 9.991 140.070786 41.058441 36.924042 40.621265 44.023182
37 5.529 195.668106 65.837738 63.615135 68.210052 72.199486
40 9.208 88.844353 50.990730 46.957115 51.256977 55.230042
46 6.555 168.370331 50.446667 47.614857 54.892506 61.041393
59 8.414 143.592819 36.741589 30.824005 33.848373 37.024952
49 5.677 191.068481 62.247807 59.606842 63.891327 67.801865
58 8.352 181.306168 51.006699 47.975746 52.458492 56.398506
65 9.603 181.802505 47.878529 44.486668 48.764408 52.585365
64 9.923 124.888145 40.094021 34.904926 39.128979 43.148388
32 8.289 53.607018 51.708637 47.597225 52.548790 57.071964
72 10.510 62.015991 21.290422 12.350089 17.806400 23.358498
50 8.655 26.652582 38.204468 32.365147 38.746731 44.680965
53 8.532 165.301376 30.674938 22.855545 29.319920 35.688793
58 8.246 248.070496 32.819542 24.783667 32.455399 39.817169
59 8.183 239.330017 32.243130 24.086336 31.732698 39.094337
70 8.593 129.782455 37.249725 31.228621 36.142151 40.977928
40 8.836 92.646416 50.371147 46.376987 50.632957 54.559357
72 12.246 88.682404 36.906937 34.035339 38.237858 41.819202
70 10.462 76.650665 37.938072 32.517361 37.615276 42.417786
58 5.972 156.651825 54.595325 50.702805 56.847885 62.324635
68 10.427 112.800163 34.962612 29.345173 32.856155 36.300861
67 11.654 112.289406 35.397549 29.870749 33.446232 36.954060
40 10.056 87.862373 40.843754 36.017712 40.217972 44.141727
40 8.836 92.646416 50.371147 46.376991 50.632957 54.559357
70 10.777 71.118416 29.649031 23.739130 29.287287 34.371498
61 8.440 175.850311 45.158592 40.590542 45.952221 50.859203
59 10.097 26.924765 33.314575 27.074631 34.127399 40.486797
69 11.169 67.183571 21.886980 13.577086 17.755568 22.188427
62 11.458 59.789341 32.888866 27.893774 32.652069 37.001503
71 10.986 77.634453 33.616009 27.257402 32.352470 37.257030
67 12.522 21.188755 22.369844 14.811249 20.151176 25.339792
62 9.363 144.667908 40.655556 35.121841 39.531982 43.798302
62 8.721 180.297623 44.473892 39.751183 44.953247 49.725441
60 7.939 48.048752 39.800667 33.530308 40.162010 46.370304
65 8.273 49.303886 40.629398 35.807533 42.185913 47.875477
72 10.401 74.282967 32.968777 26.830042 32.672920 38.150948
69 9.942 113.611511 32.983032 27.117096 32.029652 36.715733
71 9.851 129.778030 33.581726 27.659218 33.327583 38.636536
57 7.474 262.388947 41.558735 37.135471 44.752819 51.346188
26 5.971 14.597476 46.804325 41.483364 44.962276 48.567570
65 8.103 51.264275 40.078102 34.201244 40.628632 46.592449
70 8.309 53.419373 41.176315 36.569260 42.833855 48.353981
72 10.175 55.359966 28.403730 20.954142 26.593264 32.045746
58 9.082 148.235687 47.052761 42.724602 47.522610 51.885223
58 9.082 148.235687 47.052761 42.724602 47.522614 51.885220
52 7.078 127.577194 51.600407 46.993484 52.520199 57.610699
29 6.777 19.362185 40.604183 34.982059 41.725140 47.923344
69 8.398 54.651585 40.443188 35.685158 41.903263 47.438648
71 8.379 53.360252 40.834427 36.137009 42.371052 47.887455
72 10.834 47.110664 28.567387 21.677496 26.737114 31.684288
58 7.439 282.081177 41.612534 37.035538 44.337692 50.729347
72 8.778 123.103615 33.160782 26.172413 31.549538 36.956284
71 8.525 118.104179 34.886780 28.135803 34.426464 40.487705
37 8.267 19.588945 32.165955 24.964104 32.341557 39.236832
