84 9.646 198.560028 36.673420 30.844046 36.159077 41.211483
85 10.160 201.237534 38.544880 33.607697 39.128002 44.156071
79 14.979 206.019745 24.910421 20.517525 23.743883 26.705721
82 8.873 400.818573 40.765282 37.047897 42.053177 46.494217
85 9.293 430.701935 39.705379 35.458752 40.364105 44.835350
86 9.663 325.207214 36.517292 30.942686 36.217525 41.190956
84 9.646 198.560028 36.673420 30.844046 36.159077 41.211483
78 8.651 200.382050 41.441982 36.382648 42.414146 47.906052
86 12.786 72.826004 25.917805 21.040813 24.603540 27.906731
86 9.175 281.941498 37.860783 33.334560 39.546780 45.047836
86 9.302 400.886108 39.481007 35.284721 40.175037 44.630066
86 9.663 325.207214 36.517292 30.942690 36.217525 41.190948
70 8.995 175.760040 39.622986 34.918594 40.619724 45.770756
70 11.544 59.569374 29.660013 23.203939 28.635630 33.798012
85 11.368 119.124664 32.705463 26.381775 31.123087 35.756912
86 9.175 281.941498 37.860786 33.334568 39.546783 45.047840
84 9.240 411.037140 40.892719 36.784554 42.172028 46.980011
86 10.423 314.199860 35.847969 30.936769 35.627869 39.971008
78 13.168 308.412567 40.429504 38.265812 40.843838 43.027958
76 11.535 130.026123 29.424757 23.448095 28.466784 33.166367
85 11.368 119.124664 32.705460 26.381773 31.123074 35.756908
81 9.177 357.170685 39.078545 34.759857 39.591747 44.001961
76 8.452 307.697388 40.372128 36.438042 40.961708 45.078495
70 9.201 259.765717 42.177044 38.016190 42.241909 46.144653
86 13.675 134.815796 20.748846 13.136291 17.158108 21.346117
46 11.629 45.219807 21.495125 12.363237 18.036110 23.767702
83 10.651 135.415512 32.453838 25.537342 30.737032 35.826599
68 11.005 225.070251 40.000343 36.008007 40.366684 44.285191
55 7.526 308.928833 55.571445 52.714088 57.423248 61.530136
79 14.850 310.504730 37.313988 35.823681 38.809792 41.261364
65 9.650 168.256424 37.132759 30.800985 36.272121 41.622005
80 10.840 174.353088 32.824570 26.167725 30.905996 35.658558
76 8.938 64.348534 34.141701 27.584579 34.971176 41.745323
71 11.402 273.316803 33.712021 28.344048 33.123947 37.582001
83 13.824 48.680809 19.157204 11.441530 14.606703 18.119644
55 8.861 133.956573 46.442509 43.770782 47.776474 51.167637
80 9.379 428.441803 41.344662 37.332619 42.671719 47.421791
67 8.380 423.967773 47.649761 44.571423 50.726398 56.013206
84 15.807 73.508347 21.057392 14.080050 18.389402 22.669353
54 10.215 249.233093 50.427200 48.359066 51.740665 54.643063
52 6.241 300.154327 59.779400 58.172398 63.075699 67.166161
48 5.306 174.257217 62.989536 61.502583 67.055855 71.676918
79 9.104 425.745178 41.755714 37.827534 43.259056 48.085716
61 6.596 419.410492 51.904881 49.161053 55.900368 61.657608
71 11.741 86.366592 25.090508 17.200775 22.211193 27.323267
54 10.215 249.233093 50.427197 48.359066 51.740669 54.643070
62 9.988 25.709839 32.097775 25.425989 31.819267 37.807198
45 6.159 159.451553 61.972763 60.370319 65.102867 69.092651
58 6.451 358.039703 55.091137 52.829109 59.313778 64.728531
76 7.735 397.667999 53.161449 51.796967 57.787270 62.584396
86 11.903 258.270599 27.113832 22.672304 27.540314 31.805229
84 15.728 48.276379 19.171810 12.013900 16.233656 20.420160
45 7.266 94.479172 41.693779 36.347897 44.376480 51.496983
43 5.763 72.557007 51.717400 48.560745 55.028133 60.655247
64 6.036 187.352951 45.842293 41.540371 50.128567 57.474495
83 8.064 378.030151 47.942623 45.411282 51.149628 55.922371
86 11.903 258.270599 27.113832 22.672300 27.540314 31.805233
86 12.508 115.262146 30.444700 26.246513 30.015289 33.383419
50 8.703 95.283302 38.325035 32.850945 40.081573 46.531883
47 5.354 207.101471 58.313560 56.400475 61.670795 66.141960
84 8.779 266.962128 38.648060 33.499836 39.041695 44.154091
73 6.125 307.943542 53.687935 51.474106 58.054646 63.480515
60 11.169 180.793625 35.596600 29.473076 31.914305 34.711437
85 12.133 158.008865 23.496193 16.671417 21.716803 26.501305
45 8.903 62.233212 43.566639 40.900356 45.822109 49.948143
73 9.053 81.326759 34.131195 29.184931 35.270409 40.674263
54 12.282 32.600689 25.441660 17.853001 22.662540 27.620659
84 13.511 63.748459 21.140184 14.404933 18.389297 22.340204
55 12.581 34.505672 24.267763 16.414404 21.835699 27.197994
76 9.158 111.723099 33.522568 26.077295 31.697895 37.363342
85 9.217 195.230820 30.250793 23.144926 27.885582 32.578941
80 9.417 250.257904 39.968937 36.418427 41.594341 45.971840
57 10.814 65.694458 28.482878 20.588501 26.145739 31.692701
84 8.983 186.306259 42.805367 37.954842 44.818157 50.896797
65 11.400 49.821049 24.774097 18.397846 21.884266 25.375895
86 12.647 72.868607 24.456739 17.786695 21.889830 25.939587
66 11.375 128.756760 37.744724 32.975597 37.069523 40.985779
56 8.015 229.264923 48.024544 44.629871 49.216579 53.323830
84 10.413 151.048676 32.980003 26.910263 32.717121 38.110432
85 13.637 85.561150 26.323515 20.347746 24.435242 28.375982
86 8.336 344.893158 44.820187 41.821579 47.390175 52.068977
82 7.336 331.491302 44.800549 40.402775 46.786655 52.501106
53 11.022 206.603165 42.807125 38.532562 41.089024 43.655891
62 11.109 103.714783 36.057693 30.710205 35.282604 39.582500
86 11.357 113.067726 26.080868 17.960449 23.308241 28.715023
82 11.789 246.187408 43.276863 41.085793 45.724167 49.567566
82 7.175 393.252502 51.086784 49.035156 55.015381 59.911304
67 10.389 559.914551 51.953278 49.422153 53.429161 56.969372
84 14.481 66.475189 28.051907 21.882647 25.956688 29.980984
75 15.434 73.131577 20.004169 14.092257 16.513367 18.984245
86 11.357 113.067726 26.080868 17.960449 23.308239 28.715025
82 11.789 244.155792 43.292725 41.093784 45.728596 49.570911
82 7.175 393.252502 51.086788 49.035149 55.015373 59.911293
74 9.215 215.951797 38.923653 35.039299 41.133804 46.336414
40 7.533 38.619411 48.555779 42.648308 47.625191 52.593811
70 12.625 108.439095 31.350275 26.550495 30.605524 34.326866
78 11.443 93.502327 29.705729 23.035416 28.798527 34.223869
84 12.659 223.310989 30.214230 24.501244 29.768156 34.667809
40 5.873 194.592010 62.637184 61.281921 65.694656 69.399277
84 12.812 247.035294 29.907387 23.148560 27.610090 32.119255
80 12.691 168.687515 26.885632 20.294630 25.152275 29.877026
84 14.964 122.236443 25.468355 19.347860 23.067356 26.786909
78 11.443 93.502327 29.705736 23.035421 28.798527 34.223869
81 12.765 220.406769 30.955515 25.484308 30.790424 35.672832
40 5.873 194.592010 62.637184 61.281921 65.694641 69.399277
84 12.812 247.035294 29.907387 23.148561 27.610098 32.119255
80 12.691 168.687515 26.885635 20.294626 25.152273 29.877029
84 14.964 122.236443 25.468357 19.347862 23.067354 26.786909
74 11.611 217.297592 34.987362 29.698559 35.023697 39.950581
83 10.685 66.053482 32.632851 26.515646 31.653864 36.656258
41 6.613 184.344940 59.477093 57.208393 60.997952 64.330391
80 12.489 270.560669 34.827248 29.773163 33.116596 36.441372
83 13.921 142.058731 20.435595 12.511545 16.639696 20.958113
80 12.282 113.296349 20.393047 12.392748 16.662754 21.157032
81 11.961 192.488007 33.707108 29.004036 33.945824 38.395855
74 13.679 178.925140 29.242233 23.437826 26.843817 30.319988
38 7.630 175.395432 61.604126 60.640606 64.643784 67.868347
84 13.601 107.461525 27.602518 22.621727 27.681868 32.236626
49 5.568 114.907524 50.629547 48.897396 57.506222 64.424835
51 6.684 101.313606 47.225555 44.806065 52.531311 58.879166
84 10.946 90.792915 29.500278 22.737587 28.254129 33.517773
78 9.867 180.373596 35.008785 28.978285 34.567024 39.836136
38 7.630 175.395432 61.604126 60.640617 64.643791 67.868347
86 13.576 222.802322 32.654778 27.799170 31.534855 35.117325
86 13.649 166.164444 28.639313 23.180817 27.033081 30.766899
51 8.279 335.140594 56.478905 54.557709 58.536381 61.895210
75 9.121 190.109451 39.698299 34.801598 40.554321 45.783875
57 6.263 165.512054 49.327469 45.227749 51.921318 57.860924
86 15.352 30.029348 21.773062 16.804289 20.865191 24.529274
84 13.244 165.016556 29.098459 24.355469 28.202616 31.864746
83 12.100 250.056473 36.810078 34.025448 38.654099 42.567257
77 11.796 189.201447 36.165707 32.316658 37.439610 41.928986
63 8.502 193.045029 46.162556 42.471951 48.310802 53.415134
80 12.922 95.956711 23.986103 16.116611 21.147884 26.213995
85 13.462 229.533966 32.387043 27.354015 31.078308 34.654682
81 9.163 338.113464 39.584576 34.492455 40.067402 45.187065
84 9.496 346.429596 38.203583 32.925610 38.733273 44.031689
80 9.728 299.823792 37.120998 31.696472 36.727928 41.459518
55 7.595 191.618713 47.059826 43.423241 49.917347 55.553177
69 12.060 142.032455 26.577389 18.883179 24.024199 29.235899
85 13.462 229.432663 32.368610 27.334553 31.062727 34.642204
83 10.021 337.252411 38.711273 33.694069 39.076103 44.005226
78 8.677 337.184448 40.785641 36.028625 41.690422 46.802757
74 8.863 292.236298 39.698441 34.832237 39.898666 44.565708
86 12.491 197.756226 27.610403 19.919226 25.366785 30.835962
69 13.354 59.558365 23.143890 15.204410 19.490095 24.051025
60 12.825 93.993011 28.972254 23.520058 26.858364 30.160765
56 8.566 171.127548 44.765373 41.866024 45.130318 47.978069
60 7.405 227.910049 50.613152 47.350670 52.234341 56.548119
73 9.796 135.569717 31.805101 25.463852 30.041491 34.551979
81 10.032 445.709076 37.443371 32.334743 39.078995 45.150494
67 15.409 60.174751 21.489767 13.632182 18.196589 22.990801
66 13.622 34.887432 19.843000 14.108936 18.653582 22.785044
56 7.114 180.690750 40.982452 35.907520 41.196354 46.095921
60 5.766 232.265549 52.641258 48.970127 54.609806 59.667568
79 10.705 136.536453 30.300377 23.857084 28.093092 32.322922
84 12.716 93.768127 32.093723 27.699196 33.469170 38.400703
77 13.425 106.529030 33.913998 29.469784 33.964260 38.023289
57 9.222 42.507725 34.516861 28.393728 33.908161 39.187374
53 8.199 171.459824 42.924568 39.305584 42.959126 46.243004
57 6.281 156.851196 56.836006 54.876442 60.836311 65.809212
67 8.666 129.307373 42.255333 37.703793 44.453548 50.458458
82 9.892 212.421997 44.381802 41.496124 46.925678 51.558445
74 10.651 59.562828 22.087069 12.272662 17.703424 23.541376
83 10.050 405.164551 39.552883 36.086102 42.235741 47.561993
84 12.704 92.284027 19.395060 10.672319 14.946978 19.538988
67 12.612 39.002724 21.286411 13.810834 18.395365 22.941174
35 9.744 24.493727 30.202242 23.501194 28.313297 33.017445
73 13.450 148.593964 30.680008 25.180630 29.997652 34.543587
84 11.100 185.403748 31.533953 27.071983 30.323986 33.357815
86 9.507 421.526917 38.967514 35.137501 41.395691 46.809711
42 10.236 219.096573 51.852119 50.666756 52.782341 54.557293
61 10.881 40.410301 20.572863 9.861348 15.008037 20.843071
72 15.715 51.718494 20.395742 13.340013 17.405109 21.594048
82 13.654 92.752502 27.589281 22.833220 27.521469 31.645657
86 12.263 319.243622 28.528000 26.003483 29.750591 32.833687
85 10.187 338.026459 39.595745 35.880116 41.460838 46.368263
86 13.129 98.191528 21.668320 16.126593 19.848408 23.282404
84 12.962 48.981747 26.960854 20.914545 25.688517 30.202641
79 12.333 58.600262 26.303785 20.379618 24.496981 28.451017
52 5.041 278.826447 58.533428 56.220825 62.194767 67.283592
72 9.821 451.408813 36.819885 33.831917 39.501446 44.275650
86 14.022 275.426971 31.071508 28.844284 30.788404 32.469406
50 8.293 239.235367 49.251053 46.440845 52.537945 57.713306
34 5.744 124.824310 62.946075 60.417393 63.777374 66.866463
40 5.002 197.108459 65.200455 64.672493 69.892715 74.101532
48 5.491 263.718414 58.800579 56.810726 62.378124 67.086006
77 10.170 426.398010 39.117924 36.232903 41.632652 46.244171
86 14.022 275.426971 31.071508 28.844284 30.788404 32.469410
75 12.069 231.287369 20.717573 15.330808 19.048777 22.569599
39 6.942 125.036942 55.958115 53.255623 56.232082 58.959679
45 7.314 198.232986 58.470291 57.559223 62.314930 66.139740
83 10.747 155.757584 36.121944 31.714800 37.047398 41.785820
83 10.747 155.757584 36.121944 31.714796 37.047401 41.785828
71 8.351 179.349945 40.360428 35.172749 41.088238 46.522408
66 11.595 293.817474 45.784039 44.061550 46.724201 48.908352
85 11.883 227.961487 32.853802 28.742517 32.205311 35.421085
84 13.279 92.925667 25.849260 19.131159 24.139755 29.033133
76 10.532 256.635345 46.323971 44.139725 48.320232 51.799129
79 9.190 443.732758 41.506500 37.444153 42.929893 47.807137
81 9.599 159.056519 39.732407 35.228363 41.361679 46.829662
78 8.655 200.900024 41.612003 36.481255 42.437683 47.889061
57 6.305 141.274139 50.467613 47.817963 54.147465 59.522778
58 10.779 51.093826 30.944643 24.399023 27.905478 31.657742
80 10.448 138.259399 30.232233 23.009172 28.413181 33.731049
82 10.256 339.433411 41.937172 37.401337 41.075230 44.625061
73 8.968 445.928589 43.599136 39.971745 45.759991 50.796318
68 8.221 440.043396 46.867531 43.511932 49.676403 55.011536
71 12.366 230.975693 37.592461 33.831570 36.993076 39.856823
78 13.014 72.974121 22.351942 15.858469 19.856678 23.722086
85 10.916 165.538712 34.970081 29.074282 34.146572 38.946819
46 9.617 71.318283 42.682777 39.242966 45.384075 50.699718
85 10.252 258.598969 39.619701 34.771400 40.051380 44.887672
86 12.603 264.047455 23.118593 17.390175 21.329681 25.090355
77 13.345 79.540298 19.071331 12.022079 15.396296 18.968464
38 7.619 100.386154 61.459801 60.246227 63.607063 66.516815
81 9.019 359.515625 36.213875 30.884338 36.487789 41.648960
85 9.450 274.061157 34.507702 28.934984 35.270981 41.026218
85 10.164 209.039474 33.009724 25.995771 31.353868 36.700077
85 10.164 209.039474 33.009727 25.995771 31.353868 36.700073
83 11.536 84.027061 17.826315 9.266972 13.225410 17.559605
68 10.671 102.994263 33.179474 28.234325 32.517387 36.474312
86 11.664 247.603500 30.059639 24.132580 29.994211 35.314621
84 12.330 312.289368 23.446243 14.777937 19.668457 24.866833
84 9.542 282.906189 34.477570 29.141232 35.310516 40.874962
85 9.400 354.680603 35.274990 29.892715 35.336575 40.386250
84 9.902 211.092072 33.734364 26.959246 32.574062 38.053436
83 10.277 196.637650 33.618710 26.547173 31.480165 36.499744
82 11.892 108.897774 35.851112 31.407238 36.691048 41.366253
67 11.675 105.094353 35.149162 30.629515 35.398762 39.667187
67 11.687 100.657379 37.913414 34.053009 38.582352 42.534878
45 5.014 302.972137 65.011017 64.440659 69.564392 73.752548
85 9.813 298.208313 33.553307 27.006508 32.025654 36.998325
85 9.813 298.208313 33.553310 27.006514 32.025654 36.998333
83 9.757 217.995438 31.992085 24.366055 30.020149 35.687607
71 8.817 201.563339 35.624435 28.377880 33.934448 39.504105
57 9.861 35.553852 29.444269 22.284609 28.667429 34.731884
84 12.402 120.050430 18.644470 8.746889 12.953197 17.791988
50 9.242 58.093063 40.994862 36.154510 41.077370 45.706825
49 5.590 436.772552 67.621033 67.516525 72.008110 75.577614
55 6.433 198.057388 57.125942 55.856796 61.619293 66.370995
60 6.614 217.978271 55.581062 53.779163 59.647964 64.575340
83 7.820 357.843628 47.877148 45.208401 51.469940 56.686958
72 8.690 287.847717 42.029083 38.847111 44.525421 49.264610
84 16.008 93.534805 17.764744 10.227260 13.749510 17.502512
56 8.481 185.117645 39.626049 34.984840 39.607586 43.929932
84 14.352 135.374649 20.744778 14.272738 18.493288 22.522995
76 14.039 55.469757 19.407026 12.914502 16.758406 20.562241
70 7.138 279.870483 55.749588 54.932961 60.708691 65.316902
79 8.819 138.393265 35.601269 28.452618 35.411240 41.986271
73 6.098 308.573914 53.998508 51.823120 58.537987 64.056572
58 11.279 247.150803 42.846554 39.637699 42.752819 45.533360
71 10.303 79.028160 33.207119 27.177704 31.579975 35.898834
81 9.656 150.583252 27.198368 17.698111 24.502232 31.462622
74 12.071 181.876648 41.697304 39.462860 44.144165 48.019958
78 11.950 189.945724 41.786736 39.438625 44.254749 48.261795
77 11.112 140.982513 31.700560 25.342154 30.679478 35.702305
64 9.438 70.942894 34.303196 28.551191 33.336208 37.964355
55 11.412 17.311972 25.236162 16.655996 22.710957 28.772554
60 9.663 185.184219 38.597771 34.044235 37.922897 41.585316
84 12.516 130.158752 32.081627 27.266251 32.090546 36.458298
50 5.450 411.636108 61.024757 60.342491 66.778397 71.884369
86 8.268 309.928925 45.860489 43.156574 48.858376 53.621536
50 5.450 411.636108 61.024757 60.342484 66.778397 71.884369
85 11.654 84.788826 27.384237 20.933638 26.290960 31.347527
85 11.654 84.788826 27.384237 20.933636 26.290958 31.347525
85 11.654 84.788826 27.384237 20.933636 26.290964 31.347527
38 10.496 115.768326 28.214289 19.592323 26.170277 32.653618
85 9.948 123.312912 28.181261 20.455864 26.303932 32.031582
84 7.925 80.908875 38.526844 32.543312 40.118183 47.019268
48 6.852 144.223694 41.098759 35.741100 43.014008 49.566578
44 6.794 135.823776 52.243397 49.216587 54.125736 58.485401
77 10.120 170.634613 33.683804 26.611290 32.049408 37.454929
83 8.492 208.736984 42.986679 38.680840 44.906036 50.490658
84 12.935 74.299294 23.407850 15.079320 19.879889 24.922770
63 11.360 23.921139 23.729712 15.465480 21.166325 26.801807
52 5.585 217.033188 55.397076 54.239662 61.610710 67.524292
44 7.186 109.301971 44.912109 41.834103 47.642906 52.572670
65 11.483 215.713089 34.214439 29.836582 31.947634 34.080170
61 11.632 214.342743 36.308357 31.786905 34.006817 36.269855
83 8.581 199.166489 41.307350 36.510281 42.788391 48.504982
48 5.605 207.248459 58.680035 57.293880 62.397064 66.596794
71 8.761 227.445282 38.824699 34.981670 40.610378 45.416893
86 8.834 203.797165 34.354675 28.843517 34.100922 38.888496
60 10.493 26.148184 26.654102 18.070751 23.261791 28.773985
32 9.196 98.610886 55.904812 53.409271 56.520706 59.292072
69 12.558 109.419426 30.705976 25.622625 29.972040 33.987400
70 13.143 101.942146 28.475502 23.185057 27.379646 31.275496
82 12.621 80.396660 26.072643 19.112141 24.940792 30.452610
82 12.621 80.396660 26.072643 19.112139 24.940792 30.452606
76 12.577 187.846848 31.999821 26.489201 32.062420 37.203613
80 10.604 85.949692 32.123440 26.411407 31.811365 36.831280
67 13.169 141.670090 33.824806 28.532341 33.471619 38.097836
74 10.795 163.002884 40.679142 36.694759 41.491554 45.765518
69 9.514 184.541992 40.238873 36.002705 41.525841 46.424854
64 8.258 206.776428 42.286987 37.840153 44.736614 50.793121
86 13.007 116.255493 25.731104 19.337585 25.148041 30.498814
84 12.614 192.463745 27.964455 21.853706 27.066502 31.955761
59 7.246 183.726959 41.678242 36.394585 43.688911 50.265060
84 10.287 209.202881 39.104450 34.795086 40.280586 45.151642
82 11.877 329.761414 38.213955 33.820709 38.436497 42.647068
56 9.005 192.833481 47.253513 45.210167 49.399555 52.872650
71 10.750 358.602173 33.602570 30.270649 35.367893 39.637474
83 13.657 230.663544 34.252716 29.891525 33.833786 37.459660
85 12.051 261.143799 36.752220 32.143177 37.487144 42.314884
85 12.051 261.143799 36.752216 32.143166 37.487133 42.314861
85 12.051 261.143799 36.752228 32.143177 37.487144 42.314877
68 13.196 33.916862 18.716234 11.195094 15.446869 19.687407
50 9.509 39.160225 33.475246 26.719532 32.021233 37.257118
37 4.015 237.990250 73.308441 73.564194 78.084129 81.628342
78 13.615 104.683075 22.844215 16.613892 21.251461 25.618229
86 13.427 228.609238 33.178577 28.315161 32.115528 35.746838
83 13.237 170.146866 28.672232 22.734505 26.843235 30.871912
83 13.237 170.146866 28.672234 22.734507 26.843235 30.871912
48 10.159 106.196373 41.832775 37.828728 41.781658 45.391479
63 9.184 124.525223 46.504772 41.872940 47.396065 52.457478
86 13.980 99.527863 21.054308 15.402355 18.263910 21.118673
86 12.924 143.396484 33.177788 30.478189 35.407108 39.480755
77 8.956 297.750793 36.457474 30.137165 35.554398 40.786301
81 9.556 298.483368 35.178905 28.727861 33.933582 39.011784
80 13.627 174.751587 32.725700 27.664333 31.972937 36.022243
80 13.627 174.751587 32.725700 27.664333 31.972937 36.022240
84 14.335 125.432625 25.034664 18.743914 22.633062 26.496006
53 10.782 63.439316 33.788960 27.647762 33.472851 38.948959
86 13.506 112.764412 25.712337 20.016830 25.218847 29.962860
84 11.897 249.107803 38.945488 37.265507 41.713909 45.268486
82 9.643 304.348907 34.573078 28.311052 33.585686 38.672741
85 9.813 282.772125 33.486847 27.155794 32.548252 37.731445
66 10.994 405.161560 26.478304 18.977262 25.093517 30.892838
68 9.973 396.090363 29.717289 23.482824 29.003685 34.124157
86 15.333 125.367043 24.964355 18.863667 22.675217 26.424946
49 7.634 91.166649 42.203220 37.571815 45.363415 52.123337
84 9.965 74.070641 31.068405 24.097624 30.621769 36.758633
82 11.370 223.206680 38.396854 36.091942 40.986084 45.014835
86 9.809 328.229553 36.359894 30.621361 35.707485 40.562775
80 9.627 293.848572 35.073421 28.593918 33.599064 38.534939
83 12.114 49.662354 23.440046 15.901997 20.738251 25.559156
79 12.494 49.010265 22.047039 14.097544 18.657185 23.308529
86 12.956 179.113098 32.466805 27.721231 32.515079 36.861290
80 12.196 117.300842 28.366938 21.389799 27.350336 33.058289
45 8.229 109.824234 46.889118 43.036545 48.656883 53.671963
82 10.012 168.161087 38.687008 34.078518 39.412235 44.236198
51 4.664 301.380524 63.157173 62.474503 68.896301 74.007904
53 5.148 288.989807 59.727055 57.804691 64.081947 69.296844
73 12.740 123.162102 38.134708 34.096878 38.682129 42.786957
77 13.455 124.914139 36.461395 32.703293 36.615292 40.117023
77 13.455 124.914139 36.461399 32.703297 36.615295 40.117016
78 10.068 213.416367 28.024868 20.269989 25.846256 31.373964
84 12.404 169.938965 23.670547 16.834721 21.548555 26.133352
81 11.967 100.341362 23.457548 16.475401 21.037174 25.523998
71 9.479 440.871094 35.235577 31.194340 37.239620 42.499081
75 9.764 442.221344 34.622169 30.214216 36.325645 41.710526
42 11.015 24.778809 25.466570 17.355379 22.485470 27.711693
42 11.015 24.778809 25.466570 17.355373 22.485468 27.711691
47 10.959 42.245701 33.298141 28.924486 33.879829 38.223103
57 9.314 60.630386 43.143116 40.834133 45.364040 49.102085
60 6.259 288.110382 56.992180 55.466084 61.166733 65.872101
83 9.696 402.786194 39.699692 36.291763 42.384048 47.612782
75 9.303 270.428650 40.815804 36.893898 41.234962 45.231228
39 8.245 81.670967 34.577980 28.277016 34.038223 39.491978
62 7.489 207.951691 53.382607 51.337898 57.239040 62.178108
62 7.489 207.951691 53.382607 51.337898 57.239033 62.178101
59 8.372 86.069099 37.164371 31.260557 38.518902 45.091797
83 14.224 66.401581 22.092270 14.058322 19.178167 24.375885
76 11.715 89.449211 28.732149 22.557020 27.076086 31.518183
47 11.194 34.610954 39.482075 34.299408 38.046349 41.740795
53 7.164 74.216980 47.996391 45.766895 51.120918 55.629463
82 13.685 166.143204 28.455891 24.167009 26.939762 29.487713
58 9.081 84.696533 38.745060 34.071712 41.212673 47.361214
58 9.081 84.696533 38.745060 34.071724 41.212673 47.361214
57 6.230 289.767090 57.383530 55.797180 61.258156 65.802444
31 5.127 224.706757 71.566071 70.348938 73.229996 75.841599
41 10.305 81.852028 30.668819 24.290129 30.623318 36.573486
86 12.622 75.257675 24.324139 17.969862 21.876789 25.718674
85 13.937 143.689331 18.984966 11.278334 15.297781 19.468435
33 4.596 148.201004 67.325233 66.199608 70.108955 73.439201
60 10.105 89.251457 33.766773 28.158180 34.895824 40.909981
60 10.105 89.251457 33.766777 28.158186 34.895828 40.909985
60 10.105 89.251457 33.766777 28.158184 34.895824 40.909981
33 4.927 136.524612 64.802742 62.524746 66.756042 70.545853
47 10.788 172.132004 50.947769 47.944496 51.242519 54.328094
70 10.225 42.802967 31.609388 24.497826 30.678415 36.584183
36 9.631 23.751032 28.299501 20.836180 27.352119 33.501457
40 9.866 25.497318 32.216866 26.727774 33.110298 38.771248
