84 9.878 231.691101 36.303535 30.151817 36.308765 42.086384
85 12.074 174.471420 32.544754 26.707516 32.088688 37.170582
82 16.394 45.377975 22.115158 16.038527 20.435165 24.608505
84 10.989 191.031418 36.235531 30.273731 35.398926 40.299347
84 10.068 308.718781 37.093628 32.120087 38.388783 43.953766
81 10.038 295.468048 36.602993 31.511236 37.786945 43.380451
84 9.878 231.691101 36.303570 30.151861 36.308830 42.086430
84 15.041 207.165054 29.393404 26.245684 29.520182 32.298172
82 16.394 45.377975 22.115156 16.038527 20.435165 24.608503
84 10.989 191.031418 36.235535 30.273733 35.398922 40.299347
84 10.064 280.439545 37.555222 32.679028 38.674816 44.001251
86 10.264 261.125641 36.282871 30.867216 36.900806 42.373489
84 13.670 203.946518 30.262562 26.880060 30.112728 32.901863
47 8.799 19.571756 40.199162 36.326485 44.062183 50.550148
84 14.272 168.629913 34.807953 29.902555 33.817551 37.520809
84 10.658 275.103302 37.758057 33.026264 38.598522 43.580891
84 10.083 280.509705 37.389797 32.478535 38.507774 43.862438
79 11.887 204.800797 36.986500 32.813389 37.634098 41.930843
78 12.650 204.933868 31.622534 28.079496 31.649923 34.734978
44 9.752 22.060314 30.195009 22.937166 28.926929 34.775681
86 13.932 169.538925 34.425819 29.400082 33.116573 36.701134
82 10.457 272.144409 38.653378 34.147987 39.790531 44.786072
77 8.819 271.732483 40.847221 36.418102 42.393982 47.674896
73 8.647 254.263763 40.882362 36.422840 42.357166 47.606430
37 8.319 51.223900 39.715195 34.236607 41.650806 48.291691
48 10.556 36.033978 31.685570 25.377123 30.339926 35.157314
86 10.229 313.588715 36.560276 31.388348 37.301453 42.635429
83 14.996 87.857468 12.815232 3.388181 6.340405 9.988951
84 14.704 215.096024 23.312180 19.293741 22.606838 25.494236
63 8.953 193.143875 46.823521 43.179657 47.042610 50.584904
64 8.697 74.851021 36.309952 30.099964 37.424305 44.092098
80 11.015 141.914230 35.167183 30.224051 36.430637 41.963875
84 13.817 87.862823 15.498640 5.844117 9.413101 13.667232
81 10.036 158.660858 32.245464 25.398909 30.121208 34.964779
63 12.088 44.302223 22.679028 13.083577 19.326218 25.752026
84 12.769 95.722656 22.727543 14.694307 19.689991 24.710037
69 9.536 75.071861 34.269176 27.825529 34.658688 40.952045
84 11.180 142.236053 33.727394 28.698807 34.609909 39.900112
84 13.817 87.862823 15.498640 5.844117 9.413102 13.667232
84 11.096 158.870819 31.322115 24.611332 29.192354 33.887276
53 10.160 85.791527 31.634842 25.208296 30.551083 35.702938
84 12.769 95.722656 22.727549 14.694305 19.689993 24.710037
83 11.686 84.025932 32.195641 26.153324 31.184580 36.028973
75 10.508 243.212540 38.945213 34.707741 40.262321 45.125942
78 8.274 114.030090 48.428005 45.009857 50.371567 55.072666
86 13.422 85.471222 19.668859 11.842234 15.778779 19.876934
86 14.633 94.485977 20.197330 13.255351 17.094542 20.941099
84 12.259 119.672440 24.421770 17.057627 22.047348 26.964228
83 9.596 367.377594 42.989315 38.847046 43.536198 47.800179
65 10.955 51.029305 24.701990 15.762434 21.311775 27.095446
86 15.293 211.617508 30.616972 25.677141 29.349941 32.900555
86 12.970 54.399399 20.520342 11.309081 15.805917 20.730606
86 12.872 55.761711 19.760323 10.558279 14.886051 19.658051
73 13.844 73.544243 22.619667 16.394428 20.423464 24.308519
62 11.889 30.100990 28.760923 22.773577 27.982777 32.822929
79 9.274 241.063507 41.719864 37.710915 43.408348 48.405884
86 11.918 226.942108 35.252880 29.809698 33.927826 37.892414
77 12.073 52.518085 24.073080 14.956217 20.883221 26.993319
85 11.713 250.750946 38.024017 35.115067 39.045132 42.379047
86 11.992 130.022385 25.179024 17.555872 23.013479 28.312580
65 7.259 167.155807 41.311161 36.470753 45.054920 52.457039
83 9.391 239.255112 39.694153 35.553360 41.388241 46.533020
86 11.918 226.942108 35.252888 29.809698 33.927826 37.892422
83 13.332 72.812599 21.617704 12.811309 17.545946 22.622953
86 12.592 94.778267 24.519949 17.321379 22.187597 26.920719
82 11.734 129.091110 26.145264 18.666298 24.366297 29.835905
85 7.901 204.318420 36.765430 30.742762 39.116276 46.548965
84 13.764 208.370377 27.238319 23.453831 26.930120 30.042007
76 14.440 66.622620 20.325350 12.377805 16.382881 20.617786
59 10.882 656.037964 51.161705 49.073177 51.594078 53.762722
56 10.585 499.626343 47.169159 44.380199 46.854118 49.082424
72 11.420 25.885233 21.776009 11.785990 16.964157 22.677183
74 9.511 97.158386 32.186184 24.867418 31.462597 37.770065
57 11.820 35.177322 32.778797 27.569197 32.932480 37.844650
58 11.661 30.104931 30.407330 24.352257 29.087261 33.654922
82 11.786 107.195328 29.935482 23.506622 29.094627 34.370350
70 10.462 80.894157 34.891579 30.002577 35.218620 39.979904
78 8.745 194.873169 43.709370 39.828789 45.002815 49.606983
83 16.238 221.303879 25.634686 22.293234 25.787815 28.793575
75 12.048 51.168945 20.413057 11.069483 15.992273 21.282309
85 14.406 180.151917 17.180258 10.148054 13.427101 16.911478
84 12.488 117.003830 23.115957 15.476021 20.606752 25.623873
79 9.601 150.193573 33.059978 27.579676 32.421375 36.935104
78 7.924 190.532150 42.834133 38.036850 44.716644 50.674820
62 12.471 71.342667 26.551281 19.117575 24.443850 29.689774
84 13.655 591.002563 32.128128 28.861029 31.331444 33.540016
84 9.656 116.934456 34.376953 28.307507 34.661919 40.515007
86 12.400 119.606010 23.375969 15.692312 20.926935 26.033720
36 10.617 25.300163 34.522053 29.377415 34.528538 39.145378
42 9.011 155.781281 57.459274 55.761299 59.896095 63.409412
41 9.994 18.500027 23.100416 14.071525 20.162678 26.248789
84 10.602 578.009644 36.037678 32.082409 34.591908 36.983829
84 9.656 116.934456 34.376953 28.307510 34.661919 40.515007
86 12.400 119.606010 23.375965 15.692309 20.926935 26.033720
36 11.203 26.391588 32.133770 26.442068 32.505981 37.998222
47 9.531 159.691269 52.030422 49.575142 54.105183 58.005577
84 13.549 73.597450 25.777372 18.841702 23.343185 27.812035
84 10.602 578.009644 36.037682 32.082409 34.591908 36.983822
85 8.307 191.064377 40.168137 35.271450 42.472637 48.807209
86 12.400 119.606010 23.375965 15.692310 20.926933 26.033716
84 12.109 228.988312 35.566261 30.506453 34.831768 38.923225
84 14.143 117.602150 25.936125 19.900944 23.242373 26.674910
84 15.242 574.418274 35.515076 32.487343 34.928204 37.135105
62 8.691 22.461376 40.179703 35.488293 43.678608 50.738949
85 8.394 282.300934 41.868881 38.007805 44.929089 50.819031
84 11.018 240.212265 29.445589 23.787035 28.982122 33.768425
82 11.839 228.792480 36.330723 31.292040 35.722580 39.907284
56 8.550 18.751888 37.006111 31.258833 38.792255 45.532227
84 14.292 333.054443 33.026180 30.507669 34.142925 37.257553
84 10.978 171.801910 28.889648 22.450470 26.922768 31.350985
86 10.346 303.198212 37.086548 31.958553 37.703682 42.906120
84 12.672 189.878677 33.076756 27.598055 32.204884 36.501804
78 11.545 328.006042 35.767815 32.962116 36.921513 40.333965
84 12.305 341.140533 28.312119 24.007618 28.701439 32.831608
84 14.292 333.054443 33.026180 30.507669 34.142925 37.257549
84 10.978 171.801910 28.889652 22.450472 26.922770 31.350990
86 10.346 303.198212 37.086544 31.958553 37.703686 42.906120
84 12.672 189.878677 33.076756 27.598055 32.204880 36.501797
84 12.301 329.788025 33.065750 30.230824 34.000832 37.248333
84 12.305 341.140533 28.312117 24.007620 28.701439 32.831612
71 11.510 187.646561 43.811848 40.127190 44.830597 48.917091
50 9.005 251.925171 54.239159 51.196468 55.559322 59.391312
85 12.746 176.280350 33.302162 27.369329 31.940130 36.348587
84 12.999 321.192871 32.242626 29.807329 33.068497 35.841595
83 12.342 327.807098 33.615768 30.911598 34.632912 37.823067
77 11.590 326.037140 36.390915 33.712528 37.626003 40.983765
79 12.436 198.630310 31.791962 27.939688 31.758011 35.137543
76 11.446 104.850967 26.147501 18.168167 22.996521 28.029278
64 13.280 137.551559 35.824192 33.708439 38.092026 41.642536
82 14.680 145.274246 24.058487 19.108583 23.474184 27.357655
70 11.424 284.447235 26.531387 20.638737 25.246328 29.591730
45 8.843 171.543900 51.285763 49.566406 54.050308 57.800327
86 13.073 181.226791 23.330864 18.285187 21.620642 24.693024
84 14.283 111.744560 23.397116 16.850693 20.895205 24.891668
73 13.418 314.298096 34.104370 32.166862 35.013435 37.340473
86 13.825 290.040894 27.928171 23.409849 27.406841 31.072887
50 5.967 185.617859 47.822384 43.316494 50.222588 56.379288
45 8.751 180.480438 52.937695 51.667202 56.801010 60.957600
81 11.773 119.307884 32.829685 27.508081 32.515602 37.147869
48 10.762 31.944645 25.582815 18.467684 23.431429 28.252489
84 16.891 141.274628 27.656044 24.282425 28.296764 31.750301
50 5.989 198.616623 48.780807 44.213623 51.229015 57.522022
46 4.905 173.631104 56.879219 56.589832 64.625587 70.867531
75 9.929 179.067566 32.181541 25.582628 31.850235 37.742157
78 10.726 259.060242 38.715923 34.073257 39.431438 44.267574
59 10.953 171.748886 39.611736 35.752388 40.002785 43.761066
84 16.971 141.203995 27.644474 24.340073 28.338423 31.770458
47 5.253 178.230225 54.082073 53.007225 60.093552 65.798286
42 4.655 149.497116 59.310783 59.020309 66.544044 72.421692
36 4.559 90.597908 61.274754 61.052837 68.032661 73.520958
70 11.514 173.183243 35.430466 30.572035 35.967091 40.847309
81 14.288 192.749649 31.824947 29.515537 33.339619 36.556225
86 13.687 284.788452 27.656645 22.907772 27.110701 30.961235
79 9.018 291.031586 40.744865 36.305153 42.032551 47.128052
84 10.090 296.263184 38.065071 33.249626 38.961151 44.068005
86 10.829 275.083527 35.909870 30.702400 36.073208 40.979332
57 9.950 259.351593 33.738998 28.125921 33.896759 39.185448
83 16.188 150.116318 33.943947 30.544161 34.668999 38.285641
52 10.604 74.242035 33.449928 29.603333 32.058712 34.270927
84 10.282 295.232483 38.496639 33.759041 39.346142 44.351837
79 9.107 293.766693 40.476131 35.928791 41.762135 46.951633
75 8.927 274.189026 40.608925 36.184563 41.920116 47.003143
75 10.661 207.320694 35.133526 31.356966 35.199894 38.674877
80 10.173 208.798752 38.066505 32.621475 39.379070 45.492073
83 13.371 137.547989 24.315361 17.690538 22.103510 26.421501
85 11.784 185.856918 32.038296 26.569973 31.386412 35.845306
86 11.742 159.923904 31.957085 25.894619 30.806791 35.497265
44 7.315 45.238445 53.513145 52.912868 58.915970 63.621098
75 10.661 207.320694 35.133530 31.356962 35.199898 38.674877
84 10.927 209.522568 36.379169 31.009048 37.469872 43.309673
81 12.168 287.039734 20.088640 12.057803 16.516401 21.101139
85 11.784 185.856918 32.038300 26.569967 31.386414 35.845310
82 13.363 551.384644 22.074778 16.933445 19.942125 22.800339
51 8.380 48.104317 46.738926 44.767593 50.274937 54.788761
84 14.502 154.042892 37.596260 35.290131 39.098312 42.222668
67 9.592 161.601883 46.973186 45.060181 51.269238 56.310143
81 15.716 95.269859 22.998356 16.653812 21.029964 25.331964
66 8.724 522.036743 26.533604 22.640196 25.302834 27.757891
44 8.582 91.530922 46.272888 42.536510 48.671207 54.014660
69 12.988 49.290028 18.116270 8.903399 13.292774 18.090565
58 8.457 245.138092 40.943607 36.032284 41.899410 47.239662
86 13.404 89.779755 22.249775 13.374500 19.465530 25.545507
40 9.146 21.529568 26.070675 17.724258 23.200159 28.765829
29 5.975 142.365112 66.740677 64.398918 67.170372 69.823463
72 11.573 84.485588 25.892570 18.908409 23.677158 28.408287
40 9.141 112.880424 49.647717 45.826229 49.513130 53.047657
75 14.597 175.560684 33.608364 28.928816 33.260490 37.287998
72 9.707 88.351433 26.732122 17.674593 24.690769 31.585035
64 10.605 151.260010 33.386711 27.952078 32.529293 36.879421
68 10.012 43.259113 25.328218 15.465357 21.754335 28.366129
49 13.340 111.841301 33.371155 29.466602 33.754429 37.635193
55 13.791 114.310097 30.561440 26.317713 30.165707 33.707336
65 10.952 67.873085 27.201706 23.129000 26.599350 29.799063
63 12.715 36.073738 28.479046 22.405750 28.407585 33.884926
62 10.265 85.298286 26.264828 19.035498 24.219395 29.266184
71 15.211 104.833466 26.392563 21.236578 25.299641 29.114819
76 15.416 118.849922 26.742487 21.609533 25.605917 29.380884
83 14.159 129.238022 27.796885 21.393456 26.876551 32.112492
75 14.366 178.867279 35.036331 30.769646 35.364891 39.565201
86 13.960 112.837120 32.994911 27.967836 32.361717 36.491547
85 15.130 68.293106 24.542274 18.047283 21.868103 25.723917
76 15.017 106.571503 23.977701 17.964188 22.000870 25.927395
80 15.231 118.862885 24.223476 18.389669 22.298977 26.091782
84 14.042 153.964630 30.225704 24.121346 28.692171 33.226715
60 8.938 145.589478 38.232502 33.771152 38.347149 42.476318
67 9.139 136.754608 42.233891 36.696987 41.352417 45.913414
76 14.338 71.880440 22.770189 15.515724 20.909885 26.119892
86 14.020 244.264709 28.297173 22.044218 26.331030 30.666430
81 14.130 135.081619 27.867838 24.054516 27.784464 30.927177
62 13.686 36.405479 16.745060 9.229099 12.304238 15.613167
50 8.852 125.926010 30.698208 23.112324 28.190662 33.435474
56 8.725 215.909851 51.580875 49.472801 53.796947 57.472473
71 13.520 124.745621 21.241755 13.883575 17.632122 21.566814
80 12.239 138.251694 27.669083 22.492710 25.667633 28.765476
80 12.136 151.305389 30.683292 26.319016 29.688564 32.798286
49 12.896 20.237013 25.680260 19.850901 23.598680 27.270264
78 10.375 106.435280 28.850918 21.258348 26.654194 32.094524
84 11.054 95.463036 26.853210 19.301855 24.302280 29.311003
84 14.055 206.079010 31.654892 28.674488 31.620306 34.149979
78 13.497 205.239334 34.212166 31.256342 34.359192 37.028599
77 11.837 182.282211 30.980465 24.814180 29.724127 34.436054
66 11.211 136.925980 40.500557 36.709629 42.692390 47.940323
70 13.061 137.411377 36.124718 31.818785 37.767822 43.015621
78 12.709 362.504852 43.285610 40.572239 45.392036 49.499249
83 12.005 343.398315 40.971603 37.821453 42.030312 45.723835
75 11.843 107.695511 28.655012 22.335882 27.719570 32.829746
62 11.721 203.503113 46.441074 43.841198 47.848576 51.302536
71 10.499 65.091537 29.436146 22.385242 26.333073 30.530989
44 8.907 22.479849 31.363213 26.033052 31.251085 35.955738
82 14.100 119.218925 28.391775 24.117268 28.465597 32.324131
86 12.016 279.078217 35.270287 30.513700 36.152409 41.146557
86 12.298 279.557953 35.057144 30.355841 36.015011 41.010105
79 10.673 342.336670 43.175102 39.736328 44.123398 47.985023
65 7.488 341.148010 51.074875 47.983765 53.319851 57.982960
84 12.936 164.634857 28.586569 22.790689 27.257229 31.435131
84 12.936 164.634857 28.586569 22.790695 27.257231 31.435135
63 12.109 136.236542 38.205387 34.123848 38.312325 42.068218
86 13.145 330.938019 34.663757 29.229017 33.156166 37.040344
85 14.346 69.953972 21.091757 13.653360 18.430780 23.215611
63 10.278 68.028893 32.452187 26.019691 32.398323 38.367996
68 13.812 68.204063 30.222664 24.131943 30.007999 35.511971
66 12.137 27.367559 25.393492 18.185984 23.682396 29.013823
86 14.497 278.310242 40.942867 37.831600 41.930893 45.545792
84 10.952 332.700317 41.142059 37.250027 41.320381 44.987560
85 11.247 332.477753 40.676903 36.801659 40.824070 44.441723
84 13.179 86.038696 32.865509 27.929476 32.228043 36.226402
84 13.179 86.038696 32.865509 27.929476 32.228043 36.226398
85 14.108 88.263641 16.902365 7.757374 11.688362 16.036762
73 11.837 245.154968 36.686684 32.377934 37.541382 42.150894
72 12.500 245.335861 37.076015 32.799175 38.033718 42.707310
73 11.276 70.634659 27.601490 20.456985 25.994576 31.397465
86 11.105 163.408310 27.616978 20.522247 25.586311 30.544624
84 10.156 310.771210 36.018440 30.624849 37.059040 42.824741
86 10.868 333.078369 40.500618 36.405956 40.419197 44.081074
85 11.592 208.679794 32.562450 26.626526 31.723412 36.540024
85 11.848 89.591148 33.929859 28.371300 33.048382 37.522030
85 14.409 205.413361 26.998535 23.837875 27.254469 30.158566
72 11.520 245.236649 37.167088 32.842754 38.074520 42.744907
67 9.561 244.896027 39.631073 35.206451 40.845165 45.879673
86 11.657 85.813339 20.656963 11.376255 16.018858 21.100622
60 9.831 117.275566 40.693783 36.199978 41.340141 46.063137
86 10.517 298.759888 40.677979 36.309200 40.292706 43.977753
86 10.517 298.759888 40.677979 36.309196 40.292706 43.977753
79 11.401 185.261032 33.336514 27.562819 32.395821 36.988899
79 11.658 84.869850 34.070576 28.501659 33.200912 37.686401
63 10.320 193.637955 47.208710 43.684212 47.809166 51.569786
45 9.795 19.170362 27.892143 19.982368 26.146769 32.179985
45 9.795 19.170362 27.892149 19.982368 26.146769 32.179985
73 13.617 121.485085 22.655321 14.807722 20.020515 25.241005
73 12.849 130.570175 24.487017 16.650778 21.788635 26.989590
84 14.699 39.470570 25.168118 19.207668 24.201681 28.815701
65 12.263 109.136230 40.933891 37.154053 41.842625 46.014500
86 11.241 75.492302 29.934273 23.726376 29.294010 34.495789
58 10.996 172.640640 36.511650 32.349255 37.433426 41.910366
81 16.419 205.245560 23.457933 19.825428 23.236658 26.183735
76 12.716 66.376816 24.861061 17.831676 22.948399 27.920895
76 12.716 66.376816 24.861065 17.831678 22.948399 27.920898
86 14.231 86.661713 20.512642 13.106791 16.872915 20.819727
81 13.519 110.575066 21.512720 13.068770 17.825428 22.797804
80 9.508 203.313126 40.534737 36.600674 43.002686 48.501339
80 8.487 271.813080 40.330605 35.465889 42.841202 49.290627
44 9.315 14.371029 31.430138 25.759972 31.972984 37.610157
80 13.302 215.400482 28.334309 24.651205 28.451345 31.786264
72 14.556 64.197319 18.459536 10.513721 14.214458 18.161753
84 12.112 76.531845 25.632986 18.043533 23.551456 29.000797
84 13.411 53.047459 19.243351 10.660666 15.546272 20.507133
84 13.760 88.735512 25.772594 19.096931 23.233944 27.363380
86 16.806 297.008606 26.597727 22.300449 25.886602 29.122862
84 13.023 286.172119 27.692814 21.364988 24.715506 28.294479
84 11.308 303.650787 31.849810 26.348673 31.433184 36.165131
86 14.541 55.885086 23.297737 16.829899 20.662891 24.475895
58 12.090 22.088123 29.552549 23.719591 29.257996 34.329433
84 15.082 29.797586 17.870180 10.423557 14.001645 17.740053
86 8.878 235.308777 39.722317 35.464016 42.226215 48.053677
86 8.878 235.308777 39.722328 35.464016 42.226215 48.053677
86 8.810 237.361938 40.028984 35.855785 42.685509 48.542690
84 8.873 262.502411 41.790756 38.064098 44.348129 49.747646
86 14.082 157.321304 28.799053 24.192146 28.268419 31.899641
86 14.082 157.321304 28.799053 24.192146 28.268421 31.899641
84 17.363 487.615479 30.170523 27.264212 28.817881 30.286388
73 16.954 473.593170 34.161385 31.670269 33.307514 34.800289
85 12.279 121.322105 23.041037 15.319912 20.088743 24.882523
84 11.718 123.016136 23.805338 16.094517 21.097610 26.086472
84 11.718 123.016136 23.805338 16.094517 21.097610 26.086472
84 11.718 123.016136 23.805338 16.094517 21.097610 26.086470
86 11.184 278.096069 31.026804 25.424747 30.597221 35.401615
80 11.799 60.140606 26.143970 17.942944 23.918537 29.883215
84 11.901 72.768417 25.716923 17.331520 23.110081 28.958374
81 16.812 370.863617 24.931845 22.089235 23.569567 24.915287
80 9.880 34.798729 28.832294 21.278004 27.625423 33.718029
84 8.267 175.969193 36.879734 30.873941 38.245838 44.925373
84 13.338 166.743713 19.519928 13.049153 16.460178 19.861965
80 12.629 166.672531 20.319740 13.759992 17.340258 20.900265
84 10.698 279.691681 37.055248 31.735868 36.218884 40.526787
84 10.204 275.127289 37.017536 31.681004 36.229221 40.583992
84 14.647 47.853981 22.982740 16.268820 20.628708 24.918198
83 12.813 60.076073 28.449522 22.408146 27.445816 32.175098
81 12.047 285.733826 34.764091 29.553450 33.380398 37.031605
81 8.119 227.700623 43.280590 38.251102 43.891449 49.205872
74 11.584 147.798477 33.499611 29.561893 34.328564 38.512726
45 9.631 38.008221 35.710125 30.516092 36.232689 41.440590
45 9.631 38.008221 35.710125 30.516092 36.232689 41.440594
84 10.733 256.634613 38.067570 32.551243 37.124187 41.495846
86 13.975 66.994225 18.573429 10.214667 14.023906 18.194860
84 14.004 332.923431 31.415609 28.265036 32.013599 35.311226
84 14.564 335.397186 31.892607 29.384993 32.842213 35.779366
73 12.551 176.465454 40.373928 36.214977 40.794472 44.842319
77 12.005 139.607605 28.323683 23.173870 28.027176 32.397747
84 12.288 206.650803 28.961748 24.852671 28.754694 32.200336
83 13.230 157.860519 29.354242 23.559208 27.389427 31.154955
78 12.581 178.016373 34.571659 30.385843 34.039787 37.358742
71 10.663 212.024597 36.229362 30.646790 36.579559 42.036869
75 13.934 158.743973 36.794754 32.399178 37.493320 42.106724
85 14.153 163.847031 35.821159 32.882008 37.279194 41.017841
75 13.998 162.588242 39.775890 37.406105 42.283195 46.319004
54 6.659 192.549286 56.095455 55.022755 61.557785 66.789886
78 10.916 232.067505 32.065220 26.500317 31.631264 36.377087
86 12.576 187.550507 33.339359 27.344326 31.759563 36.082458
50 10.985 71.298531 33.114090 26.547890 30.927387 35.400150
60 11.069 168.733093 37.863720 32.593361 37.263489 41.699314
41 8.096 267.752014 65.102707 64.338783 67.002693 69.125885
83 16.075 167.030960 34.288597 30.768511 34.718948 38.227226
22 6.571 49.941986 50.479931 45.574314 50.810314 55.680313
86 12.198 339.689850 32.895805 28.197435 34.025383 39.105698
84 14.585 40.100555 20.050610 13.087352 17.315220 21.481344
66 9.303 117.963150 33.738419 27.391869 32.629578 37.714737
71 11.852 327.574921 31.925262 29.353420 32.855419 35.759327
86 17.737 137.564407 27.118494 24.371367 27.977032 30.992264
86 17.543 138.631500 26.971703 23.996502 27.689911 30.817402
86 13.699 192.063187 30.619867 25.502697 28.967493 32.298378
86 13.699 192.063187 30.619867 25.502699 28.967493 32.298378
84 13.802 86.688629 24.864761 18.377462 22.965679 27.449512
84 11.974 173.018890 36.360455 30.974104 35.276505 39.388393
86 13.995 322.364380 30.750633 28.455914 31.366711 33.809891
67 12.242 254.245392 31.285437 27.449451 31.883049 35.671265
49 5.317 187.436829 54.195705 53.115578 60.360462 66.174690
50 5.993 198.062576 48.754498 44.181461 51.207256 57.508495
47 9.793 32.232971 36.281132 31.497494 38.670158 44.847687
79 11.082 269.001465 39.328800 35.729897 40.445759 44.582569
84 12.466 271.263702 37.366619 33.861584 38.428356 42.379646
85 12.477 191.435028 32.525997 26.733814 31.356560 35.724220
84 12.465 191.401932 32.786514 27.048904 31.714632 36.106339
85 12.979 328.919037 31.943678 29.325489 32.707561 35.584068
84 12.139 122.498756 26.649626 19.645845 24.333780 28.978720
84 13.129 188.110733 30.150625 26.076366 30.400248 34.211811
45 5.410 184.121185 51.167816 47.297405 54.471344 60.739326
42 5.131 106.269569 53.989002 52.618538 60.970936 67.623703
84 11.270 306.934235 36.250877 31.658817 36.867874 41.523491
79 10.478 301.581360 39.443119 35.552353 40.782089 45.354660
84 13.004 336.874054 30.089466 26.797262 30.772573 34.194641
84 13.004 336.835602 30.090736 26.797691 30.772884 34.195061
79 12.007 325.020050 34.506214 31.285286 35.138412 38.526131
43 8.352 153.645584 50.513927 48.492870 54.851936 60.062710
43 8.355 181.304855 55.140007 54.017624 59.379654 63.720833
40 5.062 86.745842 52.149345 49.450554 57.573952 64.284439
76 12.284 202.116196 29.702148 26.479010 30.221590 33.389088
85 11.601 290.093903 35.471653 30.607853 35.847603 40.575283
73 10.269 282.719971 40.193020 36.554035 41.734661 46.211327
76 9.179 245.056213 40.187664 35.983631 43.529842 49.992371
76 9.179 245.056213 40.187660 35.983631 43.529842 49.992378
57 9.540 198.666000 47.716961 45.701763 51.235802 55.760418
57 8.751 257.438080 49.577320 47.061394 53.079338 58.175831
78 14.616 111.791290 29.706581 25.369564 29.594849 33.423534
61 10.586 57.968716 31.203007 27.094660 31.094193 34.709991
70 11.364 170.123108 29.733727 22.647352 28.724548 34.569012
65 11.029 23.773140 23.341530 14.275769 20.169807 26.221792
52 9.309 167.467453 39.624069 35.281281 38.001442 40.626366
80 13.334 153.223602 39.926964 37.973351 41.667549 44.608574
84 13.670 156.724014 37.540638 35.233456 38.875896 41.813862
56 7.235 232.708267 50.443058 47.229004 53.371609 58.732910
82 14.402 137.002335 28.857809 24.269709 29.024038 33.208725
70 12.234 189.742676 25.088381 16.758934 22.171936 27.739889
84 13.810 173.415085 31.823971 27.077946 31.649708 35.780643
84 13.810 173.415085 31.823969 27.077938 31.649710 35.780636
58 7.812 179.199646 52.314621 49.012302 54.030163 58.509659
84 12.313 148.851410 33.146946 27.285389 31.043344 34.862038
84 15.517 84.942970 24.108692 17.802448 21.515518 25.339346
84 15.517 84.942970 24.108694 17.802448 21.515522 25.339350
81 15.885 79.265160 25.206059 19.786373 24.851561 29.463821
57 7.282 254.750626 38.975338 33.625275 42.094288 49.463371
60 6.707 216.500305 45.278049 41.481304 49.426510 56.116650
86 12.289 181.056000 25.312523 17.515762 22.616276 27.832405
85 10.098 128.777405 29.200813 21.773741 28.563976 34.986385
66 13.198 77.512482 20.210003 14.211411 17.585096 20.946371
78 14.235 119.803574 25.977850 19.941414 24.807552 29.440809
57 10.291 88.093102 24.365026 16.809740 21.249477 25.738007
76 11.953 150.682083 39.991699 37.177784 42.485138 46.948704
78 11.769 224.483398 37.147640 33.568951 39.255692 44.073147
31 6.533 14.501466 43.662098 39.988598 48.488407 55.605225
36 8.170 121.282196 38.347534 33.474945 40.034683 45.880901
73 14.558 99.952454 24.042826 18.067484 22.016430 25.887074
78 14.468 103.084633 22.747377 16.286140 20.271297 24.253727
86 13.384 263.518158 34.600780 30.153906 34.664879 38.816322
70 11.409 115.542519 30.425056 23.713661 28.904686 33.978935
52 10.614 53.713665 26.574276 18.641905 24.290331 29.904875
84 11.524 559.113464 26.073303 22.587524 25.480480 27.998928
53 9.992 142.823914 47.203972 44.228931 48.440266 52.160736
35 8.282 104.995178 52.232452 48.878017 52.604187 56.061592
50 13.543 107.283661 30.262602 26.182575 30.044701 33.582134
77 14.780 113.291489 24.652578 18.998085 22.780838 26.464228
82 14.648 116.707642 22.791941 16.484333 20.306297 24.125601
86 14.919 157.457733 28.886772 23.934772 28.442076 32.568703
82 14.489 122.343208 17.854593 10.122760 13.514919 17.268137
46 8.919 175.581467 44.283741 38.797829 42.087765 45.571152
50 11.586 52.021931 35.661907 30.780205 34.767731 38.584194
37 5.173 130.208359 60.939220 61.275932 67.650612 72.571373
40 9.146 106.128761 48.764198 45.172680 48.491554 51.635620
86 12.269 199.670258 29.911684 23.199183 28.797579 34.180702
83 13.663 154.256470 35.311272 30.738041 35.048367 39.078907
65 10.602 197.714401 33.594482 27.826542 34.388931 40.330379
64 10.015 20.942347 30.429485 22.894640 29.358534 35.624901
56 11.493 140.360382 44.537254 42.817688 46.332302 49.244591
