73 10.242 177.141434 38.559757 34.052845 39.654854 44.670135
73 12.098 184.411774 36.469769 33.131237 38.533325 43.138725
71 13.734 124.797752 18.891479 10.926568 14.312906 18.054907
71 13.149 155.605499 38.509468 34.131947 37.375553 40.559269
73 10.872 170.989853 39.189747 34.153732 37.756702 41.373051
71 11.675 209.074036 32.013992 26.811846 32.251610 37.153557
73 10.242 177.141434 38.559769 34.052849 39.654858 44.670143
73 12.098 184.411774 36.469769 33.131229 38.533325 43.138721
64 8.477 127.282112 36.232826 29.857790 37.481319 44.423401
71 13.149 155.605499 38.509464 34.131943 37.375553 40.559269
73 10.872 170.989853 39.189747 34.153740 37.756702 41.373055
71 11.675 209.074036 32.013988 26.811842 32.251606 37.153553
71 11.210 124.919594 31.436644 25.162254 30.717196 35.972534
71 10.720 141.655472 30.966925 24.672068 31.636663 37.967609
70 9.944 155.838043 43.835491 40.456345 45.494987 49.978607
71 13.149 155.605499 38.509464 34.131947 37.375553 40.559269
73 10.872 170.989853 39.189739 34.153736 37.756699 41.373055
71 8.235 188.254135 42.222767 37.721340 44.109505 49.825665
68 13.066 119.036949 23.245502 17.829947 21.417044 24.812443
55 12.742 115.159142 29.437817 24.309460 28.490843 32.380268
66 11.490 232.465729 36.960865 31.577850 34.715645 38.025585
71 9.603 154.072144 39.379066 35.305969 38.579948 41.648804
64 10.109 167.925659 43.106792 38.834866 42.635994 46.280254
63 10.420 145.681351 26.428701 18.226202 24.236248 30.180159
65 10.113 298.151855 42.531483 37.764160 41.514164 45.221161
67 10.780 191.854889 40.953568 36.447796 41.479805 46.150608
43 7.543 135.044159 52.741352 49.166397 52.841377 56.215439
71 12.597 30.421883 20.264767 12.148264 16.556074 21.181341
70 13.596 112.476059 16.785202 8.175928 11.983632 16.150362
69 13.649 165.108658 15.622383 7.118540 10.454370 14.218094
61 11.636 208.019196 34.394421 29.738798 35.337025 40.343300
39 5.170 229.312744 64.304932 63.269726 68.337181 72.512268
44 9.665 149.707870 43.726883 40.091690 45.341942 49.949764
73 10.250 172.250488 35.830532 31.163605 36.491573 41.193466
55 8.931 80.670189 40.435566 35.824684 41.114117 45.958012
72 10.475 40.097130 28.636587 21.627544 27.192831 32.556038
68 12.121 208.383652 31.583967 26.716227 31.742350 36.275379
71 9.692 198.679810 38.203876 33.705688 36.911602 40.097652
64 10.841 196.413437 30.618376 23.827583 29.315313 34.603588
73 10.195 172.722443 36.345665 31.792053 37.239010 42.018383
71 12.391 51.883472 20.456066 12.073733 15.857223 20.024334
67 11.597 35.004734 24.743753 17.795984 22.155388 26.467834
71 12.132 209.024826 31.118433 26.038418 31.058422 35.627140
71 7.403 202.707458 43.377373 39.617310 45.913261 51.416451
64 10.841 196.413437 30.618366 23.827581 29.315311 34.603584
73 11.311 134.970139 30.920200 25.609678 31.387581 36.537704
71 12.391 51.883472 20.456064 12.073732 15.857224 20.024332
72 10.475 40.097130 28.636589 21.627550 27.192831 32.556042
71 10.846 161.932037 38.299652 34.626156 37.853184 40.741665
73 10.651 158.188019 36.958096 33.600624 36.761482 39.559242
71 13.942 161.005219 28.179470 23.935108 28.387671 32.258675
64 12.451 108.884674 34.674583 30.012548 33.857525 37.437386
73 9.948 197.071808 27.304161 18.241066 24.278379 30.475111
57 6.663 232.835770 59.043247 58.701340 64.031387 68.170135
71 10.846 161.932037 38.299656 34.626160 37.853180 40.741661
73 10.651 158.188019 36.958092 33.600624 36.761494 39.559242
71 13.942 161.005219 28.179472 23.935112 28.387674 32.258678
71 13.695 43.810192 24.919201 19.530210 22.751451 25.888887
73 9.948 197.071808 27.304169 18.241076 24.278391 30.475119
72 10.864 85.460800 34.707703 29.022627 34.956264 40.419994
71 10.846 161.932037 38.299652 34.626160 37.853180 40.741665
73 10.651 158.188019 36.958092 33.600624 36.761486 39.559242
71 9.000 162.408417 39.955093 34.879028 41.293858 47.063503
73 12.570 85.582481 31.077698 25.297773 28.540136 31.775236
51 11.757 38.384766 33.869480 27.661095 30.480005 33.651646
71 10.195 108.601830 31.010212 24.778931 30.828220 36.405987
66 10.808 160.300446 40.720821 37.184967 40.699020 43.824436
54 8.015 154.483200 48.697826 45.783813 50.000439 53.701401
73 12.767 52.107826 28.622728 21.755178 26.256586 30.826870
72 11.551 232.502121 36.080383 31.771254 37.551304 42.587624
48 9.154 219.202057 44.427769 40.024750 43.327652 46.507900
37 6.878 121.880646 63.024063 60.513554 64.524307 68.058083
57 12.167 116.519424 28.450785 24.635221 27.621290 30.319304
66 12.056 57.386269 17.752516 9.198748 12.890022 17.009691
71 13.961 39.136135 19.449549 11.640985 14.928429 18.593142
33 7.505 85.115517 56.906612 54.029911 57.202339 60.223705
37 5.232 138.441162 65.077469 63.008202 68.238113 72.652420
37 7.642 124.584435 58.255661 55.683540 60.311905 64.273399
68 10.403 197.991470 24.923502 15.089390 21.070333 27.392672
69 11.473 138.391037 25.515472 17.737309 22.800879 27.971399
70 11.519 33.761013 31.740074 25.587412 30.457645 35.159855
72 11.904 100.786507 27.368719 20.674778 26.297234 31.592583
28 5.327 86.944214 65.575310 64.008339 68.041115 71.539940
54 7.950 84.464577 41.550579 36.460381 43.776581 50.264717
71 10.582 198.830597 24.249025 14.482623 20.244837 26.368450
64 11.441 130.595062 27.250141 20.502073 25.190794 29.824234
73 13.241 91.890266 22.997335 14.675524 20.027718 25.435551
72 11.904 100.786507 27.368719 20.674780 26.297234 31.592587
63 11.849 38.828514 19.693840 10.795782 14.545611 18.832502
59 8.860 85.812897 37.383808 31.587900 38.457977 44.678471
67 10.174 130.208191 28.157942 20.112366 26.422487 32.617939
44 11.227 17.014761 26.056877 19.686377 22.778732 26.026278
51 8.370 114.828735 41.757969 37.305565 43.086777 48.326080
72 11.904 100.786507 27.368715 20.674778 26.297234 31.592587
58 8.974 71.777733 35.592514 29.122375 35.877159 42.112335
64 9.484 132.070023 29.400551 21.427109 27.801081 34.048824
57 7.379 328.697571 53.342434 50.179970 54.419296 58.193111
45 6.673 307.850342 59.370827 56.867672 60.780029 64.239670
64 11.708 222.435699 41.082977 37.549210 41.949108 45.847752
71 9.998 156.737900 30.487741 22.921345 29.553047 35.891884
71 11.639 299.157104 33.180382 28.241831 32.869587 37.064842
73 12.363 306.312378 25.109037 17.946285 22.570564 27.159428
50 6.495 327.737366 59.192890 57.133057 61.702274 65.556946
38 5.283 306.983093 67.566368 66.574478 70.905289 74.437057
73 11.909 229.324112 38.166279 33.370892 37.647682 41.726173
71 9.998 156.737900 30.487738 22.921343 29.553043 35.891884
66 11.944 276.544800 44.400452 40.989769 44.116272 46.952557
71 12.390 322.611572 20.014206 11.551928 15.166442 19.201860
71 10.272 450.445831 50.878735 48.978630 51.655331 53.860729
73 11.149 457.761292 49.462112 47.910358 50.454998 52.521282
65 6.362 124.882744 46.630409 43.552086 51.494476 58.101929
71 11.400 276.580750 42.388359 40.375401 43.228149 45.629051
48 4.001 631.015259 76.958778 77.825226 81.429710 84.165718
50 3.001 601.107361 79.614891 80.925529 84.796898 87.675896
71 8.252 177.806091 42.645725 37.767502 43.527969 48.714001
73 8.576 214.330032 42.775738 39.203724 46.037556 51.898232
42 7.810 228.495224 50.968842 48.138214 50.762520 53.256168
70 10.611 321.328735 37.651016 34.581448 37.097935 39.351452
48 4.001 631.015259 76.958778 77.825233 81.429710 84.165726
50 3.001 601.107361 79.614883 80.925529 84.796898 87.675896
71 8.252 177.806091 42.645721 37.767502 43.527969 48.713993
73 8.576 214.330032 42.775738 39.203728 46.037556 51.898235
54 10.061 229.235275 41.099613 37.547127 39.732891 41.894051
70 10.611 321.328735 37.651016 34.581448 37.097935 39.351452
48 4.001 631.015259 76.958778 77.825233 81.429710 84.165733
50 3.001 601.407471 79.619064 80.930695 84.801521 87.679962
71 10.548 118.851433 43.775333 39.878193 45.331787 50.184719
67 9.961 115.538475 45.219730 41.647430 47.086437 51.883629
64 9.730 253.603622 47.098061 43.186199 46.970242 50.508202
22 1.588 177.270081 91.241051 92.990517 94.708748 95.874977
71 12.156 108.688042 28.144291 22.319448 25.680586 29.014343
68 9.135 175.832794 33.831413 27.381439 34.043457 40.222713
71 10.805 116.110832 43.816322 40.036709 45.226025 49.858238
72 10.857 192.482132 33.428288 28.674582 33.103695 37.181900
64 9.730 253.603622 47.098064 43.186199 46.970242 50.508202
27 1.696 267.578613 90.285095 92.233246 94.143318 95.437759
68 7.449 278.734375 40.936970 35.704308 43.873882 51.032757
73 8.304 277.569885 37.380756 31.778973 38.833546 45.208351
69 10.850 122.363815 44.863525 41.314274 46.482285 51.054455
73 11.058 230.228577 38.979160 35.434799 39.924587 43.906460
61 9.709 200.272141 45.641136 41.710552 45.561691 49.143360
71 12.847 105.908058 30.190159 24.322760 27.416843 30.632517
73 9.284 271.403076 36.809837 32.298542 38.996399 44.806828
68 9.437 245.145691 35.622868 30.894060 37.546230 43.341515
73 8.430 270.751862 33.002048 25.534933 33.481747 40.853176
72 12.377 54.133263 32.757736 26.893929 32.544254 37.797894
57 5.364 252.030334 62.446888 61.402260 67.340721 72.142769
38 9.416 24.281778 42.166775 37.930656 43.615875 48.692921
57 6.153 355.382812 58.534870 55.503529 60.090981 64.246643
57 6.169 194.065857 56.580875 52.348606 57.306084 61.991028
67 14.119 97.711693 26.891859 21.806389 24.562586 27.294769
72 12.377 54.133263 32.757736 26.893929 32.544250 37.797890
57 5.364 252.030334 62.446888 61.402271 67.340729 72.142769
31 7.240 16.427814 39.808765 34.441265 42.060501 48.755199
57 6.153 355.382812 58.534866 55.503529 60.090981 64.246643
57 5.999 196.226929 56.183601 52.168118 57.613632 62.615101
55 9.421 205.784653 42.760635 39.345051 45.297993 50.391361
71 9.862 447.472504 48.181244 46.572212 49.212677 51.336208
57 4.723 562.205994 69.316414 69.129929 73.971283 77.833763
72 11.369 314.467377 23.995142 17.072605 21.103508 25.146645
57 6.153 355.382812 58.534870 55.503529 60.090981 64.246643
50 6.245 77.392700 47.561382 44.303146 51.793236 58.175827
71 10.266 453.116913 48.952362 46.689434 49.793850 52.459038
73 9.773 448.467529 47.214504 45.298222 48.000015 50.235661
57 5.622 563.616943 68.229836 68.003967 72.407562 75.919067
57 7.176 74.973717 41.645607 36.648613 44.448868 51.353992
56 11.072 135.135422 39.525661 33.934124 36.249081 38.806179
33 6.225 160.489914 63.434517 61.756954 66.009644 69.617134
71 10.266 453.116913 48.952362 46.689434 49.793850 52.459038
68 8.924 447.988892 50.380810 48.625664 51.513691 53.903137
52 3.404 558.817383 74.056847 74.900139 79.666855 83.306725
49 6.782 31.234388 46.153397 42.727863 49.365044 55.038319
41 9.811 159.334641 47.206646 45.833652 48.775867 51.159180
46 11.033 163.892166 45.609455 43.574059 46.834824 49.596989
29 3.473 191.687042 80.034271 80.551651 83.407356 85.644455
31 4.548 191.718323 75.383965 75.366280 78.054832 80.199593
71 9.336 231.570435 29.834431 22.248791 29.497936 36.268471
71 11.007 97.270660 22.715103 14.938991 19.740883 24.557352
27 4.452 37.452194 59.260334 59.573265 67.420570 73.415924
57 6.894 441.601410 63.047089 62.579834 67.073723 70.654640
31 2.472 271.704559 83.540459 85.056618 88.298744 90.643089
29 5.895 151.234344 62.835476 61.308327 65.284348 68.697289
57 12.195 175.279800 33.120728 28.680775 32.570560 36.228821
71 11.007 97.270660 22.715107 14.938994 19.740889 24.557350
57 6.090 717.222046 65.531593 64.737526 69.318153 73.026878
52 6.313 414.583130 63.403175 62.551491 67.315857 71.174416
72 11.587 144.649384 31.607727 26.249207 31.039398 35.492321
23 3.212 29.802925 73.534256 75.986679 81.168388 84.916901
55 8.205 191.676132 43.757557 39.474682 45.248402 50.452625
46 12.058 28.289047 21.711119 15.278761 19.098740 22.787746
52 6.268 500.367188 66.206306 65.662956 69.847046 73.220985
71 13.235 35.909977 21.046234 14.725739 17.867002 21.135912
71 9.300 146.071823 35.597813 29.843513 37.151470 43.647449
71 9.302 116.995514 37.092850 31.737553 38.294415 44.245602
73 11.733 106.300224 29.108084 22.089632 27.672071 33.073490
65 11.426 226.542694 29.523844 23.867056 28.121973 32.156361
70 10.131 92.577637 38.707493 35.087051 40.088066 44.416431
45 5.944 236.032089 59.683788 57.520935 62.639507 67.041306
45 7.936 225.203995 57.757172 56.614067 61.079990 64.719734
71 9.490 176.936874 39.549042 34.990013 40.724396 45.864960
71 12.022 184.310852 37.325428 34.066998 39.613541 44.336941
71 12.022 184.310852 37.325432 34.066994 39.613544 44.336937
61 9.591 104.818115 36.106384 29.954887 35.503990 40.903107
34 7.005 61.910305 48.645874 44.823326 51.504982 57.392239
67 10.949 194.220078 41.344414 36.879707 42.066837 46.865883
41 5.178 232.648895 63.886559 62.709831 67.937103 72.256584
73 10.039 199.424286 37.944527 33.288471 36.681118 40.037262
73 11.192 201.704498 36.787422 32.706215 35.807125 38.743252
73 14.120 124.937691 18.325661 10.515517 13.759145 17.341267
71 13.676 117.369621 18.922136 11.662115 14.719378 17.995138
68 12.706 124.825233 27.524763 21.928225 25.853121 29.623184
66 11.490 232.466965 36.960232 31.577122 34.714821 38.024712
55 10.278 138.086655 41.487011 37.666359 42.410690 46.610985
41 8.534 55.033745 46.454937 43.384892 49.334633 54.301426
41 10.113 29.630947 24.795610 15.390954 21.525787 27.857040
43 10.578 140.756836 45.538952 42.039898 46.617935 50.704277
68 11.520 184.081924 41.541775 38.753967 42.918190 46.478245
73 11.584 184.904175 39.057148 36.060566 39.957371 43.302559
72 12.897 184.330643 28.042418 22.717451 27.575705 31.943979
72 9.711 152.554825 37.724796 33.426929 36.694908 39.787994
63 10.516 190.933517 30.934597 24.032372 29.778505 35.308483
71 9.799 167.042160 40.322212 36.517815 42.265800 47.187489
71 11.301 145.631577 29.863525 25.282116 28.735914 31.845823
71 10.847 131.428101 33.128319 28.109203 34.425568 39.964321
73 10.872 170.989304 39.189793 34.153782 37.756714 41.373062
73 10.872 170.989304 39.189796 34.153782 37.756718 41.373062
71 10.789 169.313797 39.968464 35.121609 38.690231 42.236820
64 10.645 123.889534 37.606956 31.546539 35.829697 40.159386
68 11.874 74.242332 25.685316 18.199545 23.267977 28.357254
64 9.104 301.582886 44.108871 39.051182 43.132988 47.237217
61 8.542 294.556458 47.536591 42.769115 46.963875 51.089729
71 13.000 67.601654 23.755310 17.648407 22.179312 26.462168
73 10.804 178.367111 38.380875 33.394482 37.834198 42.087849
73 10.804 178.367111 38.380878 33.394478 37.834194 42.087849
71 10.796 177.986679 39.003754 34.255993 38.628174 42.777935
69 10.048 117.694237 25.986095 17.363220 22.984669 28.760059
73 12.515 74.427948 23.859976 16.264477 20.757212 25.372696
64 12.574 135.923737 42.226879 37.676926 42.104279 46.229717
69 14.233 136.063812 39.322884 34.955200 39.056789 42.880489
71 14.115 147.631042 38.589600 34.464668 38.544716 42.304874
73 11.135 162.090378 37.337971 33.671074 36.806812 39.614822
73 11.135 162.090378 37.337967 33.671074 36.806812 39.614822
71 11.130 161.292282 38.308369 34.635384 37.870197 40.766487
66 11.388 152.711334 39.789227 36.442421 39.730877 42.642529
54 9.296 67.294472 32.315956 25.551088 31.030542 36.340488
68 11.543 131.448242 22.464119 13.607401 18.685286 23.998184
71 11.418 131.876068 22.756012 13.872826 19.084076 24.512373
71 11.418 131.876068 22.756012 13.872826 19.084080 24.512373
54 12.754 241.254959 41.754898 37.654438 40.597477 43.428616
72 10.485 158.057129 37.432743 34.082317 37.284649 40.119633
73 10.651 158.187363 36.958157 33.600708 36.761574 39.559326
53 7.943 153.458374 49.151936 46.404167 50.555264 54.173332
71 12.172 64.244095 30.786848 25.381380 31.032248 36.088535
71 12.004 130.353973 22.193932 13.153873 18.502432 24.071455
66 11.791 127.767159 22.571159 13.558264 19.008013 24.656183
61 10.803 127.038757 23.662291 14.408165 20.186367 26.183872
73 14.288 161.835373 27.657438 23.526150 27.809536 31.519876
73 14.288 161.835373 27.657438 23.526150 27.809540 31.519876
31 8.308 26.327711 43.896748 40.722813 44.059078 47.016945
63 10.147 28.270180 34.303009 28.843922 35.017433 40.563053
71 12.552 101.137344 29.944170 24.046194 29.404322 34.398407
71 13.948 13.944889 16.771503 7.961301 11.396537 15.312880
68 14.131 13.211084 17.299662 8.500987 11.917014 15.815478
63 10.818 26.935493 35.819687 30.301149 35.416767 40.259411
71 13.511 43.419773 25.590706 20.278292 23.497049 26.639908
71 13.251 59.494900 32.556034 28.685589 31.812538 34.609100
55 10.676 37.027702 23.501154 14.076820 19.032227 24.461571
71 11.625 232.876770 28.709112 22.487698 26.506962 30.585115
71 14.759 43.565655 21.500896 15.821396 19.324265 22.714825
73 11.945 101.422630 27.227571 20.467314 26.055555 31.343124
73 11.945 101.422630 27.227571 20.467319 26.055553 31.343124
73 11.945 101.422630 27.227571 20.467318 26.055559 31.343124
69 9.545 120.775917 29.783886 21.711025 28.496754 35.109528
72 9.887 196.736862 27.518044 18.484215 24.581623 30.820030
71 9.801 193.248123 27.734171 18.748474 24.892334 31.156588
48 11.711 219.325607 43.083454 38.897091 41.850224 44.715778
37 4.847 146.630035 63.855820 62.047554 67.739609 72.487297
63 11.865 83.278725 28.414131 21.807993 28.391239 34.448898
63 11.865 83.278725 28.414131 21.807995 28.391241 34.448914
65 11.153 126.223679 33.978771 28.782532 34.298634 39.292278
73 10.050 91.347450 28.325674 20.424026 26.353489 32.200073
71 9.744 118.761009 28.251509 19.949162 25.748175 31.592787
70 10.022 90.658638 28.365898 20.481720 26.304180 32.071804
35 5.881 125.709549 61.274952 59.158222 64.974655 69.819283
37 6.917 126.835426 58.519215 55.886745 61.245956 65.790855
56 9.059 130.995148 32.445534 25.155230 32.232487 38.905506
61 9.377 131.635727 30.497856 22.765152 29.398438 35.804516
66 9.615 132.419022 28.586493 20.483116 26.683353 32.809975
70 9.906 447.596680 50.947495 49.059429 51.766602 54.010841
52 7.421 329.983337 57.283546 55.156559 59.430656 63.056644
71 9.917 450.942566 51.027950 49.172226 51.828152 54.015247
71 10.450 227.621689 40.169659 34.586880 39.164238 43.689659
69 9.038 250.743805 32.727760 25.768286 32.864201 39.464996
71 13.657 145.416428 23.206469 15.356122 20.009464 24.802362
57 11.432 176.323776 39.071976 36.130550 39.602154 42.619907
63 11.500 223.158279 42.452084 39.605892 43.797741 47.428696
71 11.177 456.473694 50.697895 49.167229 51.797482 53.936871
71 11.177 456.473694 50.697910 49.167248 51.797485 53.936871
71 11.177 456.473694 50.697903 49.167248 51.797485 53.936874
73 8.045 153.617020 39.104923 34.310207 41.896507 48.487343
73 7.496 224.448242 36.843136 30.997793 39.434444 46.831524
64 10.610 206.470154 37.188625 31.895737 35.175701 38.563931
70 10.929 191.239487 33.937180 29.459013 33.705269 37.584511
73 11.056 230.167603 38.978085 35.432774 39.922920 43.905151
63 7.701 94.912743 48.968540 46.224163 52.152500 57.218822
62 9.275 127.639214 46.363384 42.835934 47.927036 52.463688
45 7.342 134.001617 50.669334 45.113480 50.961849 56.406067
73 11.612 184.429779 36.408157 33.482880 36.753895 39.608383
56 10.892 217.846771 40.914982 37.490021 39.906334 42.168449
64 9.656 254.976242 46.981457 43.383926 46.983849 50.289684
64 9.656 254.976242 46.981464 43.383930 46.983849 50.289684
61 9.648 201.063812 45.908070 41.870090 45.669716 49.254837
71 12.056 146.852432 28.999628 23.082167 28.110628 32.809807
71 12.056 146.852432 28.999624 23.082167 28.110628 32.809811
73 11.312 279.340942 40.396782 38.518867 40.974922 42.996155
70 10.461 127.978081 24.876738 17.541786 22.448429 27.346840
70 10.461 127.978081 24.876738 17.541784 22.448427 27.346836
22 1.589 176.651428 91.227982 92.982079 94.702805 95.870560
31 4.526 214.036758 71.042480 70.725807 74.889168 78.274063
31 3.301 266.644806 80.586655 80.508339 83.179024 85.392830
61 8.386 329.776428 57.037697 55.075771 59.955311 64.049110
66 10.718 331.165619 52.874714 50.921551 55.502018 59.328400
50 5.337 569.144531 74.196152 74.427551 77.689682 80.228050
50 5.295 506.527618 72.468391 72.673790 76.308434 79.128754
48 5.436 219.063629 68.872482 69.127205 73.647522 77.113739
61 11.198 109.620323 33.369755 27.837744 31.793417 35.713642
68 9.518 248.539124 35.664780 30.892838 37.626282 43.482319
73 9.367 271.098694 36.731197 32.165569 38.955402 44.834450
66 9.327 329.940369 53.103493 50.903732 55.438744 59.262054
71 10.788 331.358215 49.511536 47.325207 51.609173 55.207375
50 3.026 583.157410 79.395256 80.674294 84.589699 87.504303
50 3.179 491.530304 77.258583 78.534569 82.890999 86.134613
48 3.506 221.592819 73.458183 74.467903 79.669342 83.555336
66 11.701 110.169441 30.833092 25.334328 29.112099 32.810036
73 9.129 282.097900 36.676064 31.807814 38.579651 44.522449
68 9.222 244.599335 35.832081 31.028219 37.797142 43.706474
73 9.521 182.424530 27.551716 18.699633 24.811617 31.043755
71 9.781 104.549240 44.465839 40.911133 45.681488 49.901882
71 11.197 451.851715 48.576744 46.502102 49.346409 51.769863
71 11.211 128.950226 42.313126 39.539467 44.371670 48.444225
71 11.211 128.950226 42.313141 39.539478 44.371700 48.444244
27 2.388 190.907913 84.903999 86.321404 89.163811 91.243797
31 2.472 270.975861 83.539337 85.058128 88.300423 90.644714
54 11.024 187.500870 43.455490 41.032993 44.629467 47.693058
71 13.389 165.664841 21.013500 14.662398 18.907923 23.006414
71 9.352 447.786224 48.291805 46.442532 49.162807 51.409920
71 9.352 447.786224 48.291809 46.442528 49.162807 51.409912
73 9.733 124.196564 42.930794 40.352341 44.544830 48.061527
67 8.908 123.573860 46.523632 44.365486 48.834461 52.541676
29 3.475 190.984268 79.995956 80.511971 83.366600 85.603012
54 11.203 187.957993 44.239834 42.052456 45.513058 48.445370
54 11.068 181.262344 43.486118 41.017342 44.677177 47.794186
56 4.372 564.504333 70.178604 70.132706 75.077774 79.001518
56 4.372 564.504333 70.178604 70.132698 75.077774 79.001526
73 11.224 455.653168 48.338394 45.882885 48.650063 51.073002
64 11.093 116.427979 48.691158 47.218941 50.979893 53.990631
51 8.600 113.696602 59.178219 59.181210 63.782482 67.276634
71 7.551 278.346191 37.528900 30.929928 38.996166 46.360210
73 8.180 286.141449 37.968945 32.355835 39.822350 46.517082
71 7.194 305.745239 41.240761 36.119198 44.365860 51.598049
55 7.014 312.454803 51.610035 48.884274 53.991528 58.442616
66 8.404 127.696541 41.920719 37.031952 43.385757 49.108845
65 10.825 52.676548 38.181850 34.235973 40.146626 45.278572
71 6.361 183.261292 44.318199 39.952251 46.629944 52.584702
71 6.361 183.261292 44.318195 39.952244 46.629936 52.584698
60 12.455 22.175081 24.029762 16.239620 20.983456 25.848217
59 9.389 157.452255 30.644882 26.039129 29.845713 33.331448
52 7.813 90.185143 47.057144 44.661438 51.241398 56.728928
73 11.615 111.153099 29.123167 22.929831 27.371090 31.681992
57 10.076 80.898140 30.291189 22.174540 28.976219 35.640343
71 11.686 101.193069 27.979986 21.614643 26.044498 30.361666
26 7.214 32.065804 44.493771 40.490295 47.771832 54.068230
42 9.277 177.675995 47.620777 46.659515 49.047707 50.907341
27 6.272 245.936203 72.686569 71.923637 73.672562 75.119911
57 6.961 726.157227 64.466782 64.111145 68.164093 71.338852
52 6.956 509.370789 64.772636 64.347542 68.301651 71.413864
56 5.823 106.860786 55.813663 53.457371 59.922314 65.362907
56 5.823 106.860786 55.813667 53.457375 59.922314 65.362900
57 7.787 137.304321 34.315685 26.110138 33.879196 41.386139
35 6.859 185.290390 63.429081 62.316635 66.035965 69.097488
48 10.611 188.415863 46.339142 44.842495 47.749393 50.131149
57 6.953 447.991516 63.285736 63.257885 67.650581 71.049133
52 7.162 422.763092 62.515118 62.124737 66.377251 69.709518
59 11.718 34.746082 22.987307 14.599836 19.015396 23.704775
