6   0.268   0.268
7   0.256   0.523
8   0.248   0.771
9   0.244   1.016
10   0.262   1.277
11   0.276   1.553
12   0.285   1.838
13   0.283   2.120
14   0.335   2.456
15   0.605   3.061
16   0.853   3.914
17   1.190   5.104
18   1.257   6.360
19   1.352   7.712
20   1.371   9.083
21   1.468  10.551
22   1.520  12.071
23   1.630  13.701
24   1.735  15.436
25   1.801  17.237
26   1.827  19.064
27   1.805  20.869
28   1.785  22.655
29   1.824  24.478
30   1.857  26.335
31   1.847  28.183
32   1.827  30.009
33   1.899  31.908
34   1.906  33.813
35   1.957  35.770
36   1.938  37.708
37   1.932  39.640
38   1.915  41.555
39   1.904  43.459
40   1.892  45.351
41   1.970  47.321
42   2.043  49.364
43   2.052  51.416
44   2.083  53.498
45   2.123  55.622
46   2.188  57.810
47   2.324  60.133
48   2.366  62.499
49   2.359  64.858
50   2.355  67.214
51   2.352  69.566
52   2.565  72.131
53   2.643  74.773
54   2.667  77.441
55   2.665  80.105
56   2.655  82.760
57   2.903  85.662
58   2.939  88.602
59   2.979  91.580
60   3.024  94.604
61   3.079  97.683
62   3.089 100.771
63   3.111 103.883
64   3.122 107.005
65   3.141 110.147
66   3.237 113.383
67   3.370 116.753
68   3.346 120.099
69   3.333 123.432
70   3.349 126.781
71   3.684 130.465
72   3.767 134.232
73   3.744 137.976
74   3.897 141.873
75   3.910 145.782
76   4.293 150.075
77   4.602 154.677
78   4.595 159.273
79   4.591 163.863
80   4.600 168.463
81   4.685 173.148
82   4.730 177.878
83   4.918 182.796
84   5.157 187.954
85   5.264 193.217
86   5.402 198.620
87   5.475 204.095
88   5.544 209.639
89   5.714 215.352
90   5.925 221.278
91   6.082 227.360
92   6.070 233.430

6   0.623   0.623
7   0.681   1.304
8   0.667   1.972
9   0.671   2.643
10   0.653   3.295
11   0.957   4.252
12   0.960   5.212
13   1.007   6.219
14   0.972   7.191
15   1.038   8.229
16   1.036   9.265
17   1.079  10.344
18   1.084  11.428
19   1.105  12.532
20   1.109  13.642
21   1.113  14.755
22   1.411  16.166
23   1.463  17.629
24   1.440  19.069
25   1.450  20.519
26   1.431  21.950
27   1.409  23.359
28   1.591  24.951
29   1.580  26.530
30   1.562  28.092
31   1.557  29.649
32   1.561  31.211
33   1.654  32.865
34   1.649  34.513
35   1.642  36.155
36   1.700  37.856
37   1.699  39.554
38   1.681  41.235
39   1.715  42.950
40   1.803  44.753
41   1.853  46.606
42   2.594  49.200
43   2.869  52.069
44   2.874  54.943
45   3.005  57.947
46   3.129  61.077
47   3.397  64.474
48   3.411  67.885
49   3.567  71.452
50   3.595  75.047
51   3.574  78.622
52   3.549  82.171
53   3.540  85.712
54   3.514  89.226
55   3.513  92.739
56   3.513  96.252
57   3.891 100.143
58   4.018 104.161
59   4.074 108.235
60   4.074 112.309
61   4.054 116.363
62   4.067 120.430
63   4.066 124.495
64   4.035 128.530
65   4.059 132.589
66   4.088 136.677
67   4.089 140.766
68   4.128 144.894
69   4.113 149.007
70   4.099 153.106
71   4.084 157.190
72   4.071 161.261
73   4.067 165.328
74   4.047 169.375
75   4.129 173.505
76   4.112 177.617
77   4.124 181.741
78   4.120 185.861
79   4.126 189.987
80   4.224 194.212
81   4.312 198.524
82   4.474 202.998
83   4.484 207.481
84   4.588 212.069
85   4.633 216.702
86   4.669 221.371
87   4.657 226.028
88   4.653 230.681
89   4.665 235.346
90   4.674 240.020
91   5.238 245.258
92   5.228 250.486
93   5.276 255.762
94   5.579 261.341
95   5.742 267.083
96   5.727 272.810
97   5.859 278.669
98   5.920 284.589
99   6.223 290.812
100   6.222 297.034
101   6.223 303.257
102   6.234 309.491
103   6.292 315.784
104   6.472 322.255
105   6.492 328.747
106   6.869 335.617
107   6.955 342.571
108   7.287 349.858
109   7.395 357.253
110   7.590 364.844
111   7.599 372.443
112   7.651 380.094
113   7.890 387.984
114   7.899 395.883
115   8.010 403.893
116   7.986 411.878
117   7.966 419.845
118   8.182 428.027
119   8.169 436.195
120   8.224 444.419

6   1.136   1.136
7   1.147   2.283
8   1.197   3.480
9   1.131   4.611
10   1.170   5.782
11   1.131   6.913
12   1.109   8.022
13   1.260   9.282
14   1.269  10.552
15   1.245  11.796
16   1.225  13.021
17   1.377  14.398
18   1.434  15.832
19   1.436  17.268
20   1.418  18.686
21   1.438  20.124
22   1.414  21.538
23   1.408  22.947
24   1.414  24.361
25   1.446  25.807
26   1.517  27.324
27   1.555  28.879
28   1.540  30.419
29   1.532  31.950
30   1.551  33.502
31   1.556  35.058
32   1.556  36.613
33   1.552  38.165
34   1.546  39.712
35   1.539  41.251
36   1.568  42.819
37   1.555  44.374
38   1.575  45.948
39   1.580  47.528
40   1.595  49.123
41   1.582  50.705
42   1.568  52.273
43   1.567  53.840
44   1.575  55.415
45   1.564  56.979
46   1.579  58.558
47   1.575  60.133
48   1.574  61.707
49   1.567  63.274
50   1.555  64.829
51   1.579  66.408
52   1.574  67.983
53   1.579  69.561
54   1.625  71.186
55   1.636  72.823
56   1.647  74.469
57   1.640  76.109
58   1.666  77.775
59   1.684  79.459
60   1.681  81.140
61   1.694  82.835
62   1.688  84.522
63   1.727  86.249
64   1.734  87.983
65   1.727  89.710
66   1.760  91.470
67   1.750  93.220
68   1.805  95.026
69   1.814  96.839
70   1.816  98.655
71   1.812 100.468
72   1.867 102.335
73   1.859 104.194
74   1.886 106.081
75   1.986 108.067
76   2.005 110.072
77   1.994 112.066
78   2.026 114.093
79   2.023 116.116
80   2.018 118.134
81   2.031 120.165
82   2.049 122.213
83   2.044 124.257
84   2.075 126.332
85   2.064 128.396
86   2.058 130.454
87   2.077 132.531
88   2.195 134.726
89   2.201 136.927
90   2.251 139.178
91   2.266 141.443
92   2.259 143.702
93   2.261 145.963
94   2.255 148.218
95   2.250 150.468
96   2.257 152.725
97   2.249 154.974
98   2.301 157.275
99   2.305 159.580
100   2.305 161.884
101   2.297 164.182
102   2.335 166.516
103   2.436 168.952
104   2.465 171.418
105   2.551 173.968
106   2.618 176.586
107   2.713 179.299
108   2.768 182.067
109   2.768 184.835
110   2.786 187.621
111   2.830 190.451
112   2.868 193.319
113   2.937 196.255
114   2.984 199.240
115   2.985 202.225
116   3.005 205.229
117   3.008 208.237
118   3.021 211.258
119   3.029 214.288
120   3.178 217.465
121   3.189 220.654
122   3.400 224.054
123   3.723 227.778
124   3.716 231.493
125   3.708 235.202
126   4.176 239.377
127   4.180 243.557
128   4.189 247.746
129   4.189 251.935

6   0.400   0.400
7   0.379   0.779
8   0.368   1.147
9   0.424   1.571
10   0.431   2.002
11   0.466   2.468
12   0.458   2.925
13   0.466   3.392
14   0.491   3.883
15   0.503   4.386
16   0.536   4.922
17   0.595   5.517
18   0.603   6.120
19   0.640   6.760
20   0.833   7.593
21   0.822   8.415
22   0.834   9.249
23   0.985  10.234
24   1.025  11.259
25   1.024  12.282
26   1.058  13.340
27   1.081  14.422
28   1.169  15.591
29   1.513  17.104
30   1.499  18.603
31   1.484  20.087
32   1.487  21.575
33   1.509  23.083
34   1.604  24.687
35   1.602  26.289
36   1.617  27.906
37   1.632  29.538
38   1.653  31.192
39   1.652  32.844
40   1.649  34.493
41   1.648  36.141
42   1.651  37.792
43   1.675  39.467
44   1.680  41.146
45   1.663  42.810
46   1.646  44.456
47   1.679  46.134
48   1.709  47.843
49   1.701  49.544
50   1.694  51.238
51   1.763  53.001
52   1.765  54.766
53   1.767  56.533
54   1.756  58.289
55   1.753  60.042
56   1.771  61.813
57   1.787  63.600
58   1.783  65.383
59   1.793  67.175
60   1.793  68.969
61   1.849  70.818
62   1.859  72.677
63   1.875  74.552
64   1.873  76.425
65   1.884  78.309
66   1.885  80.194
67   1.883  82.078
68   1.884  83.962
69   1.883  85.845
70   1.906  87.751
71   1.907  89.658
72   1.978  91.635
73   1.980  93.615
74   1.987  95.602
75   1.981  97.583
76   1.999  99.582
77   2.008 101.590
78   2.003 103.593
79   2.048 105.642
80   2.054 107.696
81   2.057 109.752
82   2.060 111.813
83   2.068 113.880
84   2.063 115.943
85   2.063 118.006
86   2.081 120.087
87   2.083 122.170
88   2.117 124.287
89   2.133 126.420
90   2.133 128.553
91   2.123 130.676
92   2.157 132.834
93   2.199 135.033
94   2.240 137.272
95   2.243 139.515
96   2.299 141.814
97   2.302 144.116
98   2.389 146.505
99   2.391 148.896
100   2.984 151.880
101   2.990 154.870
102   3.044 157.914
103   3.081 160.996
104   3.086 164.082
105   3.186 167.268
106   3.216 170.485
107   3.278 173.762
108   3.269 177.031
109   3.271 180.303
110   3.908 184.211
111   3.903 188.114
112   4.083 192.197
113   4.086 196.282
114   4.081 200.363
115   4.123 204.486
116   4.941 209.427
117   5.003 214.430
118   5.003 219.433
119   5.431 224.864
120   5.484 230.348
121   5.529 235.877
122   5.520 241.397
123   5.526 246.923
124   5.513 252.436
125   5.540 257.976
126   5.539 263.515
127   5.538 269.053
128   5.542 274.595
129   5.550 280.145

6   1.357   1.357
7   1.356   2.713
8   1.399   4.112
9   1.347   5.459
10   1.366   6.825
11   1.520   8.345
12   1.491   9.836
13   1.479  11.315
14   1.446  12.761
15   1.443  14.204
16   1.470  15.674
17   1.452  17.126
18   1.486  18.613
19   1.476  20.088
20   1.455  21.544
21   1.439  22.983
22   1.426  24.409
23   1.398  25.807
24   1.435  27.242
25   1.461  28.703
26   1.463  30.166
27   1.450  31.615
28   1.465  33.080
29   1.455  34.535
30   1.469  36.005
31   1.503  37.508
32   1.496  39.004
33   1.493  40.496
34   1.499  41.996
35   1.484  43.480
36   1.481  44.961
37   1.476  46.437
38   1.485  47.922
39   1.509  49.430
40   1.503  50.933
41   1.497  52.430
42   1.533  53.963
43   1.552  55.515
44   1.560  57.075
45   1.560  58.635
46   1.587  60.222
47   1.602  61.823
48   1.643  63.466
49   1.671  65.137
50   1.699  66.836
51   1.736  68.572
52   1.748  70.320
53   1.780  72.100
54   1.831  73.931
55   1.821  75.751
56   1.836  77.587
57   1.826  79.413
58   1.831  81.244
59   1.840  83.083
60   1.847  84.931
61   1.855  86.786
62   1.853  88.639
63   1.860  90.499
64   1.887  92.386
65   1.886  94.272
66   1.909  96.182
67   1.951  98.133
68   1.944 100.076
69   1.953 102.030
70   1.950 103.980
71   1.987 105.967
72   1.988 107.955
73   1.984 109.939
74   1.978 111.917
75   1.969 113.886
76   2.045 115.931
77   2.041 117.972
78   2.037 120.009
79   2.039 122.048
80   2.031 124.079
81   2.042 126.122
82   2.043 128.165
83   2.043 130.208
84   2.079 132.287
85   2.092 134.379
86   2.092 136.471
87   2.109 138.580
88   2.111 140.691
89   2.104 142.796
90   2.107 144.903
91   2.118 147.021
92   2.113 149.134
93   2.104 151.238
94   2.109 153.347
95   2.121 155.467
96   2.114 157.581
97   2.123 159.704
98   2.176 161.881
99   2.186 164.066
100   2.220 166.286
101   2.219 168.504
102   2.240 170.744
103   2.248 172.993
104   2.267 175.259
105   2.267 177.527
106   2.272 179.799
107   2.312 182.111
108   2.420 184.531
109   2.498 187.029
110   2.583 189.613
111   2.725 192.338
112   2.844 195.182
113   2.935 198.118
114   3.034 201.152
115   3.100 204.252
116   3.117 207.369
117   3.181 210.549
118   3.276 213.825
119   3.354 217.179
120   3.420 220.599
121   3.636 224.235
122   3.829 228.064
123   3.876 231.940
124   3.864 235.804
125   3.960 239.764
126   4.078 243.842
127   4.075 247.917
128   4.071 251.988
129   4.068 256.056
130   4.074 260.131
131   4.144 264.274
132   4.146 268.420
133   4.429 272.849
134   4.423 277.272
135   4.497 281.769
136   4.677 286.446
137   4.683 291.129
138   4.684 295.813
139   4.756 300.569
140   4.809 305.378
141   5.024 310.402
142   5.101 315.503
143   5.115 320.619

6   0.369   0.369
7   0.375   0.743
8   0.557   1.300
9   0.534   1.834
10   0.553   2.387
11   0.581   2.968
12   0.572   3.540
13   0.590   4.129
14   0.605   4.734
15   0.598   5.332
16   0.602   5.934
17   0.649   6.583
18   0.667   7.251
19   0.690   7.941
20   0.704   8.645
21   0.696   9.341
22   2.935  12.276
23   3.504  15.780
24   3.456  19.236
25   3.841  23.077
26   4.030  27.107
27   4.128  31.234
28   4.466  35.700
29   4.512  40.212
30   4.526  44.737
31   4.533  49.270
32   4.481  53.751
33   4.474  58.226
34   4.478  62.703
35   4.433  67.136
36   4.451  71.587
37   4.472  76.059
38   4.493  80.552
39   4.536  85.088
40   4.530  89.618
41   4.530  94.148
42   4.547  98.695
43   4.664 103.359
44   4.754 108.113
45   4.747 112.859
46   4.784 117.643
47   4.754 122.397
48   4.724 127.121
49   4.716 131.837
50   4.707 136.543
51   4.744 141.288
52   4.704 145.992
53   4.803 150.796
54   4.838 155.634
55   4.801 160.435
56   4.791 165.226
57   4.833 170.059
58   4.797 174.855
59   4.815 179.671
60   4.814 184.485
61   4.821 189.306
62   4.894 194.199
63   5.000 199.199
64   5.017 204.216
65   5.036 209.251
66   5.045 214.296
67   5.016 219.312
68   4.987 224.299
69   4.981 229.280
70   4.955 234.235
71   4.943 239.178
72   5.273 244.451
73   5.345 249.796
74   5.383 255.179
75   5.373 260.552
76   5.428 265.980
77   5.431 271.410
78   5.430 276.841
79   5.743 282.584
80   6.524 289.108
81   6.609 295.717
82   7.227 302.944
83   7.236 310.180
84   7.251 317.431
85   7.235 324.665
86   7.240 331.905
87   7.208 339.113
88   7.527 346.640
89   7.644 354.284
90   7.683 361.967
91   8.052 370.019
92   8.336 378.355
93   8.312 386.666
94   8.291 394.957
95   8.333 403.290
96   8.314 411.604
97   8.326 419.930
98   8.397 428.327
99   8.586 436.913
100   8.632 445.545
101   8.713 454.258
102   8.787 463.045
103   8.835 471.880
104   8.937 480.818
105   9.048 489.866

6   0.439   0.439
7   0.451   0.890
8   0.425   1.315
9   0.609   1.924
10   0.675   2.599
11   0.651   3.250
12   0.626   3.876
13   0.622   4.498
14   0.677   5.174
15   0.676   5.850
16   0.674   6.524
17   0.674   7.199
18   0.690   7.889
19   0.697   8.585
20   0.707   9.292
21   0.734  10.026
22   0.735  10.761
23   0.779  11.540
24   0.775  12.315
25   3.726  16.041
26   4.177  20.218
27   4.260  24.478
28   4.633  29.111
29   5.162  34.273
30   5.675  39.948
31   6.051  45.999
32   6.452  52.451
33   6.832  59.283
34   7.221  66.504
35   7.512  74.016
36   8.009  82.025
37   8.135  90.160
38   8.148  98.308
39   8.336 106.644
40   8.602 115.246
41   8.657 123.903
42   8.692 132.595
43   8.646 141.241
44   8.598 149.838
45   8.681 158.520
46   8.659 167.179
47   8.626 175.805
48   8.556 184.361
49   8.485 192.846
50   8.563 201.409
51   8.509 209.918
52   8.667 218.584
53   8.783 227.367
54   9.064 236.431
55   9.367 245.798
56   9.413 255.211
57   9.406 264.617
58   9.455 274.072
59   9.554 283.627
60   9.590 293.217
61   9.693 302.910
62   9.796 312.706
63   9.739 322.444
64   9.924 332.368
65   9.907 342.275
66   9.918 352.192
67  10.018 362.210
68  10.102 372.312
69  10.049 382.361
70  10.137 392.498
71  10.516 403.015
72  10.640 413.654
73  10.797 424.451
74  10.790 435.242
75  11.352 446.594
76  11.405 457.999
77  11.823 469.822
78  12.099 481.921
79  12.041 493.962
80  12.042 506.004
81  12.035 518.039
82  12.028 530.067
83  12.030 542.097
84  12.188 554.285
85  12.139 566.423
86  12.468 578.891
87  12.411 591.302
88  12.434 603.736
89  12.668 616.404
90  12.808 629.212
91  12.916 642.128
92  13.003 655.132
93  13.103 668.235
94  13.177 681.412
95  13.359 694.770
96  13.367 708.138
97  13.388 721.526
98  13.507 735.033
99  13.613 748.646
100  13.735 762.380

6   2.463   2.463
7   2.503   4.966
8   2.546   7.512
9   2.415   9.927
10   2.951  12.878
11   2.825  15.703
12   2.888  18.591
13   2.885  21.476
14   3.061  24.538
15   3.068  27.606
16   3.062  30.668
17   3.030  33.698
18   3.118  36.816
19   3.269  40.084
20   3.317  43.402
21   3.268  46.670
22   3.367  50.037
23   3.410  53.447
24   3.500  56.947
25   3.508  60.455
26   3.607  64.063
27   3.682  67.745
28   3.711  71.455
29   3.703  75.158
30   3.750  78.908
31   3.791  82.700
32   3.777  86.477
33   3.800  90.277
34   3.867  94.143
35   3.868  98.011
36   3.952 101.963
37   3.928 105.891
38   3.943 109.834
39   3.970 113.804
40   3.994 117.798
41   4.011 121.808
42   4.143 125.951
43   4.225 130.176
44   4.313 134.489
45   4.301 138.790
46   4.328 143.118
47   4.344 147.462
48   4.307 151.769
49   4.319 156.088
50   4.281 160.369
51   4.246 164.615
52   4.243 168.857
53   4.268 173.125
54   4.234 177.359
55   4.243 181.602
56   4.226 185.828
57   4.254 190.082
58   4.281 194.363
59   4.266 198.629
60   4.238 202.867
61   4.227 207.094
62   4.225 211.319
63   4.224 215.543
64   4.250 219.793
65   4.604 224.398
66   4.625 229.023
67   4.592 233.616
68   4.650 238.266
69   4.633 242.899
70   4.618 247.517
71   4.897 252.413
72   4.924 257.338
73   5.245 262.583
74   5.254 267.837
75   5.231 273.068
76   5.654 278.722
77   5.814 284.536
78   5.801 290.337
79   5.847 296.184
80   5.844 302.028
81   5.908 307.936
82   6.029 313.966
83   6.026 319.991
84   6.057 326.048
85   6.116 332.164
86   6.271 338.435
87   6.392 344.827
88   6.389 351.217
89   6.462 357.678
90   6.493 364.172
91   6.631 370.803
92   6.702 377.505
93   6.734 384.239
94   6.787 391.027
95   6.822 397.849
96   6.859 404.707
97   6.880 411.587
98   6.974 418.562

6   0.218   0.218
7   0.367   0.585
8   0.369   0.955
9   0.547   1.502
10   0.539   2.040
11   0.519   2.559
12   0.796   3.356
13   0.791   4.146
14   0.766   4.912
15   0.762   5.675
16   0.755   6.430
17   0.740   7.171
18   0.812   7.982
19   0.829   8.812
20   0.973   9.785
21   0.959  10.743
22   0.973  11.717
23   1.002  12.718
24   1.100  13.818
25   1.081  14.899
26   1.073  15.972
27   1.059  17.031
28   1.070  18.101
29   1.093  19.194
30   1.182  20.376
31   1.193  21.569
32   1.393  22.962
33   1.547  24.509
34   1.544  26.053
35   1.576  27.629
36   2.637  30.266
37   2.613  32.878
38   2.623  35.502
39   2.602  38.104
40   2.652  40.756
41   2.678  43.434
42   2.680  46.114
43   2.903  49.017
44   3.287  52.304
45   3.254  55.559
46   3.233  58.792
47   3.446  62.237
48   3.503  65.741
49   3.509  69.250
50   3.592  72.842
51   3.844  76.686
52   4.011  80.697
53   4.149  84.846
54   4.204  89.050
55   4.253  93.303
56   4.353  97.656
57   4.421 102.077
58   4.414 106.491
59   4.822 111.313
60   4.835 116.148
61   4.843 120.992
62   4.859 125.851
63   4.821 130.672
64   4.827 135.499
65   4.893 140.392
66   4.879 145.271
67   4.849 150.120
68   4.836 154.956
69   4.805 159.761
70   4.867 164.627
71   4.935 169.562
72   4.915 174.477
73   5.226 179.703
74   5.304 185.007
75   5.300 190.307
76   5.293 195.600
77   5.332 200.932
78   5.525 206.457
79   5.495 211.952
80   5.501 217.452
81   5.589 223.042
82   5.765 228.806
83   5.885 234.691
84   6.024 240.716
85   6.017 246.733
86   6.034 252.766
87   6.011 258.778

6   0.265   0.265
7   0.323   0.588
8   0.447   1.036
9   0.434   1.469
10   0.448   1.917
11   0.502   2.419
12   0.547   2.966
13   0.769   3.735
14   0.907   4.642
15   0.903   5.545
16   0.880   6.425
17   1.304   7.728
18   1.289   9.018
19   1.328  10.346
20   1.311  11.657
21   1.307  12.964
22   1.358  14.321
23   1.416  15.738
24   1.467  17.204
25   1.583  18.787
26   1.603  20.390
27   1.599  21.989
28   1.702  23.691
29   1.804  25.495
30   1.864  27.359
31   1.878  29.237
32   1.862  31.099
33   1.861  32.960
34   1.873  34.834
35   1.910  36.744
36   1.907  38.651
37   1.910  40.561
38   1.907  42.468
39   1.887  44.355
40   1.921  46.276
41   1.910  48.186
42   1.968  50.155
43   1.965  52.119
44   1.952  54.072
45   1.956  56.028
46   1.944  57.972
47   1.949  59.921
48   1.956  61.877
49   1.938  63.815
50   1.941  65.756
51   1.979  67.736
52   1.972  69.708
53   1.961  71.669
54   1.993  73.662
55   2.002  75.665
56   2.006  77.670
57   2.011  79.681
58   2.109  81.790
59   2.183  83.973
60   2.189  86.162
61   2.193  88.355
62   2.182  90.537
63   2.204  92.741
64   2.242  94.984
65   2.246  97.230
66   2.243  99.473
67   2.235 101.708
68   2.251 103.959
69   2.269 106.228
70   2.298 108.527
71   2.339 110.865
72   2.364 113.229
73   2.451 115.680
74   2.471 118.151
75   2.466 120.617
76   2.545 123.162
77   2.538 125.700
78   2.763 128.463
79   2.767 131.230
80   2.773 134.003
81   3.053 137.056
82   3.443 140.499
83   3.424 143.923
84   3.526 147.448
85   3.569 151.018
86   3.551 154.569
87   3.544 158.113
88   4.282 162.395
89   4.289 166.685
90   4.686 171.371
91   5.005 176.376
92   5.013 181.390
93   4.996 186.386
94   5.058 191.444
95   5.079 196.523
96   5.082 201.605
97   5.238 206.843
98   5.220 212.062
99   5.402 217.464
100   5.494 222.958
101   5.582 228.540
102   5.621 234.161
103   5.783 239.944
104   5.796 245.740
105   5.796 251.536
106   6.320 257.856
107   6.408 264.264
108   6.402 270.666
109   6.404 277.070
110   6.423 283.493
111   6.473 289.967
112   6.467 296.434
113   6.444 302.878
114   6.564 309.442
115   6.853 316.295
116   6.857 323.152
117   6.967 330.119
118   6.961 337.080
119   7.004 344.084
120   6.997 351.082
121   7.228 358.310
122   7.262 365.572
123   7.261 372.833

6   0.531   0.531
7   0.558   1.089
8   0.539   1.627
9   0.536   2.163
10   0.544   2.707
11   0.545   3.252
12   0.621   3.873
13   0.830   4.702
14   0.870   5.572
15   0.912   6.484
16   0.980   7.464
17   0.955   8.419
18   1.044   9.463
19   1.035  10.497
20   1.037  11.534
21   1.089  12.623
22   1.216  13.839
23   1.260  15.099
24   1.344  16.443
25   1.343  17.786
26   1.399  19.185
27   1.387  20.572
28   1.364  21.936
29   1.346  23.282
30   1.333  24.615
31   1.434  26.050
32   1.436  27.486
33   1.432  28.918
34   1.450  30.368
35   1.509  31.877
36   1.496  33.373
37   1.496  34.870
38   1.506  36.376
39   1.548  37.924
40   1.560  39.484
41   1.655  41.139
42   1.637  42.776
43   1.631  44.407
44   1.631  46.039
45   1.632  47.670
46   1.633  49.303
47   1.626  50.929
48   1.631  52.561
49   1.653  54.214
50   1.645  55.859
51   1.645  57.504
52   1.655  59.158
53   1.658  60.816
54   1.660  62.476
55   1.680  64.156
56   1.704  65.860
57   1.703  67.562
58   1.726  69.289
59   1.721  71.010
60   1.719  72.729
61   1.737  74.466
62   1.730  76.196
63   1.912  78.108
64   2.509  80.617
65   2.906  83.523
66   2.927  86.450
67   2.942  89.392
68   2.931  92.323
69   2.925  95.248
70   3.527  98.775
71   3.508 102.283
72   3.491 105.773
73   3.912 109.685
74   3.890 113.575
75   3.877 117.452
76   3.863 121.316
77   4.476 125.791
78   4.448 130.239
79   4.494 134.733
80   4.490 139.223
81   4.468 143.691
82   5.164 148.855
83   5.192 154.047
84   5.169 159.216
85   5.161 164.377
86   5.141 169.518
87   5.149 174.667
88   5.201 179.868
89   5.183 185.051
90   5.551 190.602
91   5.561 196.163
92   5.582 201.745
93   5.567 207.312
94   5.733 213.045
95   6.340 219.385
96   6.366 225.750
97   6.338 232.088
98   6.337 238.426
99   6.592 245.018
100   6.676 251.693
101   6.802 258.495
102   6.788 265.284
103   6.775 272.059
104   6.764 278.823
105   6.765 285.588
106   6.744 292.332
107   6.715 299.047
108   6.740 305.787
109   6.733 312.521
110   6.755 319.276
111   6.816 326.092
112   6.838 332.930
113   6.869 339.799
114   7.278 347.076
115   7.340 354.416
116   7.416 361.833
117   7.429 369.262
118   7.449 376.711
119   7.451 384.162
120   7.738 391.901
121   7.709 399.610
122   7.701 407.311
123   7.736 415.047
124   7.766 422.813
125   7.768 430.581
126   7.757 438.339
127   7.755 446.094

6   0.241   0.241
7   0.276   0.517
8   0.326   0.844
9   0.367   1.211
10   0.420   1.631
11   0.477   2.109
12   0.558   2.667
13   0.832   3.499
14   0.922   4.421
15   0.908   5.328
16   0.919   6.248
17   0.935   7.182
18   0.998   8.181
19   1.058   9.239
20   1.035  10.274
21   1.028  11.302
22   1.011  12.313
23   1.280  13.592
24   1.415  15.008
25   1.513  16.520
26   1.507  18.027
27   1.514  19.541
28   1.551  21.093
29   1.627  22.720
30   1.612  24.332
31   1.603  25.935
32   1.581  27.516
33   1.588  29.105
34   1.626  30.730
35   1.618  32.349
36   1.650  33.999
37   1.727  35.726
38   1.744  37.470
39   1.733  39.203
40   1.748  40.951
41   1.789  42.740
42   1.778  44.519
43   1.804  46.323
44   1.807  48.130
45   1.805  49.935
46   1.828  51.763
47   1.825  53.588
48   1.821  55.408
49   1.827  57.236
50   1.825  59.061
51   1.812  60.873
52   1.810  62.682
53   1.798  64.480
54   1.839  66.319
55   1.848  68.167
56   1.844  70.011
57   1.881  71.893
58   1.889  73.782
59   1.919  75.701
60   2.010  77.711
61   2.011  79.722
62   2.024  81.746
63   2.038  83.785
64   2.093  85.878
65   2.110  87.988
66   2.179  90.167
67   2.198  92.366
68   2.211  94.577
69   2.230  96.806
70   2.240  99.046
71   2.245 101.292
72   2.251 103.542
73   2.355 105.898
74   2.343 108.240
75   2.341 110.581
76   2.374 112.955
77   2.612 115.567
78   2.726 118.293
79   2.745 121.039
80   2.794 123.832
81   2.784 126.617
82   2.943 129.560
83   3.001 132.562
84   3.029 135.591
85   3.021 138.611
86   3.264 141.875
87   3.262 145.138
88   3.261 148.399
89   4.021 152.419
90   4.024 156.443
91   4.002 160.445
92   4.178 164.623
93   4.442 169.065
94   4.427 173.492
95   4.433 177.925
96   4.610 182.535
97   5.037 187.572
98   5.158 192.730
99   5.406 198.136
100   5.415 203.551
101   5.504 209.055
102   5.510 214.565
103   5.491 220.056
104   5.639 225.695
105   5.616 231.311
106   5.999 237.310
107   6.093 243.403
108   6.088 249.491
109   6.182 255.674
110   6.199 261.873
111   6.294 268.167
112   6.293 274.460
113   6.582 281.042
114   6.750 287.793
115   6.784 294.576
116   6.828 301.405
117   6.824 308.229
118   7.003 315.231
119   7.102 322.333
120   7.138 329.471
121   7.458 336.929
122   7.458 344.387
123   7.462 351.849
124   7.652 359.501
125   7.634 367.136
126   7.643 374.779

6   0.198   0.198
7   0.274   0.472
8   0.743   1.215
9   0.881   2.096
10   0.879   2.975
11   0.876   3.851
12   0.855   4.706
13   0.925   5.631
14   0.971   6.602
15   0.942   7.544
16   0.991   8.535
17   0.989   9.524
18   0.982  10.506
19   1.008  11.514
20   1.018  12.532
21   1.083  13.615
22   1.084  14.699
23   1.199  15.899
24   1.245  17.144
25   1.224  18.367
26   1.205  19.572
27   1.239  20.810
28   1.235  22.045
29   1.217  23.262
30   1.253  24.515
31   1.247  25.762
32   1.295  27.057
33   1.287  28.345
34   1.301  29.645
35   1.371  31.017
36   1.367  32.383
37   1.458  33.841
38   1.475  35.316
39   1.543  36.859
40   1.543  38.402
41   1.609  40.011
42   1.594  41.605
43   1.602  43.207
44   1.616  44.823
45   1.605  46.427
46   1.694  48.122
47   1.681  49.803
48   1.746  51.549
49   1.740  53.289
50   1.806  55.095
51   1.817  56.912
52   1.854  58.766
53   1.914  60.679
54   1.914  62.593
55   1.911  64.504
56   1.898  66.402
57   1.910  68.312
58   1.895  70.207
59   1.911  72.118
60   1.900  74.018
61   1.888  75.906
62   1.882  77.788
63   1.904  79.692
64   1.898  81.590
65   1.905  83.494
66   1.905  85.399
67   1.961  87.361
68   1.950  89.310
69   1.972  91.283
70   1.984  93.267
71   1.983  95.250
72   2.037  97.287
73   2.127  99.414
74   2.147 101.561
75   2.165 103.726
76   2.205 105.931
77   2.257 108.188
78   2.256 110.444
79   2.250 112.694
80   2.317 115.011
81   2.351 117.362
82   2.407 119.769
83   2.423 122.192
84   2.440 124.632
85   2.485 127.117
86   2.491 129.608
87   2.568 132.176
88   2.588 134.763
89   2.575 137.338
90   2.654 139.993
91   2.673 142.666
92   2.729 145.395
93   2.738 148.133
94   2.867 151.000
95   2.933 153.933
96   3.009 156.943
97   3.328 160.271
98   3.347 163.618
99   3.345 166.963
100   3.713 170.677
101   3.740 174.417
102   4.047 178.464
103   4.356 182.820
104   4.354 187.174
105   4.382 191.556
106   4.390 195.947
107   4.393 200.340
108   4.410 204.750
109   4.444 209.194
110   4.491 213.685
111   4.493 218.178
112   4.524 222.701
113   4.533 227.234
114   4.524 231.758
115   4.591 236.349
116   4.604 240.953
117   4.605 245.558
118   4.593 250.151
119   4.583 254.734
120   4.584 259.319
121   4.672 263.991
122   4.674 268.665
123   4.677 273.342
124   4.680 278.022
125   4.743 282.765
126   4.764 287.529
127   4.794 292.323
128   4.859 297.182

6   0.164   0.164
7   0.199   0.363
8   0.215   0.578
9   0.264   0.842
10   0.273   1.115
11   0.308   1.423
12   0.357   1.779
13   0.354   2.133
14   0.365   2.498
15   0.373   2.870
16   0.363   3.233
17   0.365   3.598
18   0.394   3.991
19   0.415   4.406
20   0.425   4.831
21   0.418   5.249
22   0.417   5.666
23   0.422   6.087
24   0.417   6.505
25   0.424   6.928
26   0.471   7.399
27   0.471   7.870
28   0.474   8.344
29   0.471   8.815
30   0.473   9.288
31   0.482   9.771
32   0.475  10.246
33   0.477  10.723
34   0.515  11.237
35   0.548  11.785
36   0.542  12.327
37   0.555  12.882
38   0.603  13.485
39   0.623  14.108
40   0.633  14.741
41   0.631  15.372
42   0.636  16.008
43   0.689  16.697
44   0.697  17.394
45   0.701  18.094
46   0.694  18.788
47   0.704  19.492
48   0.704  20.196
49   0.729  20.925
50   0.736  21.662
51   0.744  22.405
52   0.742  23.148
53   0.736  23.884
54   0.737  24.621
55   0.736  25.358
56   0.731  26.089
57   0.743  26.832
58   0.739  27.571
59   0.739  28.310
60   0.735  29.045
61   0.742  29.787
62   0.746  30.533
63   0.782  31.316
64   0.778  32.094
65   0.810  32.904
66   0.805  33.709
67   0.807  34.516
68   0.810  35.326
69   0.812  36.138
70   0.815  36.953
71   0.815  37.769
72   0.820  38.588
73   0.825  39.413
74   0.828  40.241
75   0.844  41.085
76   0.841  41.926
77   0.847  42.774
78   0.844  43.618
79   0.844  44.462
80   0.854  45.316
81   0.865  46.181
82   0.877  47.058
83   0.883  47.941
84   0.893  48.834
85   0.912  49.747
86   0.919  50.666
87   0.921  51.587
88   0.962  52.549
89   0.964  53.512
90   0.982  54.495
91   0.989  55.484
92   0.997  56.481
93   1.001  57.482
94   1.012  58.493
95   1.011  59.504
96   1.017  60.522
97   1.022  61.544
98   1.022  62.566
99   1.055  63.621
100   1.059  64.680
101   1.060  65.740
102   1.057  66.798
103   1.062  67.860
104   1.070  68.930
105   1.082  70.012
106   1.084  71.097
107   1.102  72.199
108   1.104  73.302
109   1.121  74.423
110   1.197  75.620
111   1.195  76.815
112   1.191  78.006
113   1.198  79.203
114   1.193  80.397
115   1.214  81.610
116   1.238  82.848
117   1.239  84.088
118   1.243  85.330
119   1.243  86.573
120   1.247  87.820
121   1.270  89.090
122   1.327  90.417
123   1.377  91.794
124   1.373  93.167
125   1.476  94.643
126   1.482  96.126
127   1.494  97.620
128   1.502  99.122
129   1.514 100.636
130   1.530 102.166
131   1.568 103.734

6   0.764   0.764
7   0.934   1.698
8   0.923   2.621
9   0.970   3.592
10   0.945   4.536
11   0.927   5.463
12   0.911   6.374
13   0.901   7.274
14   0.870   8.145
15   0.851   8.995
16   0.852   9.847
17   0.879  10.726
18   0.943  11.669
19   0.954  12.624
20   0.981  13.605
21   0.964  14.569
22   0.961  15.530
23   1.034  16.564
24   1.038  17.602
25   1.053  18.656
26   1.120  19.776
27   1.100  20.876
28   1.188  22.064
29   1.208  23.272
30   1.193  24.464
31   1.188  25.652
32   1.198  26.850
33   1.186  28.037
34   1.181  29.218
35   1.179  30.397
36   1.226  31.623
37   1.218  32.841
38   1.242  34.082
39   1.246  35.329
40   1.315  36.644
41   1.334  37.978
42   1.330  39.307
43   1.323  40.630
44   1.316  41.946
45   1.314  43.259
46   1.321  44.580
47   1.322  45.902
48   1.379  47.281
49   1.372  48.653
50   1.395  50.048
51   1.408  51.456
52   1.412  52.868
53   1.405  54.273
54   1.414  55.686
55   1.412  57.098
56   1.418  58.516
57   1.418  59.934
58   1.430  61.364
59   1.445  62.809
60   1.454  64.263
61   1.456  65.719
62   1.484  67.203
63   1.500  68.703
64   1.501  70.205
65   1.506  71.711
66   1.543  73.254
67   1.572  74.827
68   1.615  76.441
69   1.618  78.060
70   1.653  79.713
71   1.656  81.369
72   1.662  83.031
73   1.745  84.776
74   1.812  86.588
75   1.834  88.423
76   1.873  90.296
77   1.917  92.213
78   1.951  94.163
79   1.994  96.157
80   2.039  98.196
81   2.032 100.228
82   2.150 102.377
83   2.206 104.584
84   2.440 107.023
85   2.464 109.487
86   2.666 112.153
87   2.673 114.827
88   2.709 117.536
89   2.741 120.277
90   2.880 123.157
91   2.912 126.068
92   2.922 128.991
93   3.052 132.043
94   3.067 135.110
95   3.199 138.309
96   3.340 141.649
97   3.372 145.022
98   3.434 148.456
99   3.443 151.899
100   3.468 155.366
101   3.495 158.861
102   3.562 162.423
103   3.607 166.031
104   3.597 169.627
105   3.809 173.436
106   3.815 177.251
107   3.834 181.085
108   3.976 185.061
109   4.232 189.293
110   4.529 193.822
111   4.680 198.502
112   4.676 203.178
113   4.871 208.050
114   5.091 213.141
115   5.104 218.245
116   5.238 223.483
117   5.274 228.756
118   5.357 234.114
119   5.364 239.477
120   5.356 244.833
121   5.382 250.215
122   5.388 255.603
123   5.405 261.008
124   5.496 266.504
125   5.547 272.051
126   5.543 277.593
127   5.580 283.173
128   5.584 288.758
129   5.643 294.401
130   5.633 300.033

