86 10.030 124.376434 31.363279 25.218304 31.108009 36.567455
86 10.030 124.376434 31.363281 25.218302 31.108004 36.567455
71 8.882 186.452927 37.696796 32.066536 39.172035 45.533535
73 12.287 180.982986 34.827351 31.571848 34.525539 37.110432
35 4.982 121.014519 61.133621 59.263531 65.656738 70.948723
77 13.570 45.053219 20.971540 12.674946 17.342882 22.210377
82 10.856 84.172714 34.600590 29.140965 35.041836 40.496208
79 10.802 141.092926 38.666630 34.108162 38.497314 42.604408
70 9.922 200.932693 34.351303 28.398838 35.287762 41.498272
86 10.030 124.376434 31.363281 25.218307 31.108013 36.567459
84 10.304 144.545914 37.472923 32.055923 37.832253 43.182293
80 9.260 144.342117 39.144592 33.587868 39.642006 45.254646
86 12.712 182.625900 35.578026 31.499697 36.268120 40.540409
38 7.666 51.235455 49.525753 46.021671 51.267284 55.928318
75 14.306 23.386869 22.600937 15.924959 20.848473 25.496216
61 10.721 190.016113 45.072639 42.417336 46.683346 50.225777
86 13.406 78.211838 25.369328 19.650703 23.933014 27.885195
51 8.522 185.365219 54.640514 52.883789 57.573029 61.413498
43 5.081 184.334778 63.994167 62.818630 68.258247 72.705894
84 10.304 144.545914 37.472931 32.055927 37.832253 43.182293
51 12.318 92.906044 39.843231 37.459198 41.088757 44.101894
44 10.350 92.958115 46.069828 43.511955 47.849133 51.496353
47 6.334 61.058048 51.518948 49.629093 57.327778 63.579552
39 5.091 133.860901 65.069244 63.596184 68.723595 73.025429
80 9.161 262.773041 39.622963 34.954212 40.089958 44.796658
84 13.960 101.700600 16.750034 9.386439 12.528948 15.912994
84 13.960 101.700600 16.750034 9.386439 12.528948 15.912996
29 3.712 152.447632 70.511200 72.367928 77.885994 81.967384
80 13.197 56.931252 30.743938 25.339329 31.243317 36.527218
55 13.158 93.853035 37.444614 34.682133 37.939598 40.690006
78 10.136 115.152992 33.768761 28.543398 34.399719 39.685410
84 10.982 93.831696 27.241632 19.036724 25.662838 32.081932
86 10.377 115.779305 30.985943 24.708843 30.403187 35.764076
77 9.945 144.161896 36.584053 31.479618 37.078999 42.158154
84 12.178 49.891880 25.863037 17.398365 21.868629 26.728445
78 10.802 203.044006 41.072903 36.867477 41.734905 46.212524
77 14.026 92.908340 19.693132 10.810885 14.611685 18.895355
84 14.844 95.124771 19.103861 10.805184 14.349543 18.285944
74 13.720 99.474449 20.194618 11.902378 15.700107 19.841143
74 9.978 107.635094 33.152782 27.642826 33.194103 38.283447
83 10.316 112.187408 31.308958 25.172611 30.900896 36.268513
85 11.434 100.441681 26.765169 18.694809 25.186949 31.477600
86 10.251 135.443848 31.082136 24.959309 30.968477 36.515121
77 11.627 151.125641 27.099007 21.442364 26.761639 31.553528
79 13.598 103.769432 28.866465 25.098713 28.217501 31.034245
54 9.379 98.303276 45.284031 42.226276 47.848583 52.615715
59 9.081 65.566612 30.846786 23.248539 30.750071 37.788105
64 11.294 65.604553 28.619034 21.389229 28.309944 34.808060
83 13.518 51.459873 21.808569 14.815278 19.419630 23.964466
79 10.220 107.530594 32.326923 26.397921 31.992044 37.208275
65 9.467 211.137497 37.827198 33.359421 40.279633 46.248417
72 9.842 212.023224 35.723007 30.618740 37.325027 43.242783
86 11.483 186.030136 31.901237 26.817513 32.564503 37.666374
71 11.543 132.541763 28.561621 23.104797 28.535143 33.422489
84 11.290 80.630066 23.890501 14.548745 19.869600 25.533203
58 10.320 98.488487 42.779293 39.331955 44.606133 49.141598
65 9.389 120.443558 44.979965 40.909019 45.740711 50.203342
79 14.569 55.747738 25.312534 18.370243 23.922132 29.266994
84 14.375 47.837589 23.386703 16.496815 21.800615 26.903049
61 8.993 206.808960 39.661125 35.448071 42.668877 48.857506
81 14.067 556.505920 20.106085 12.000470 16.299726 20.831894
84 14.992 462.495392 28.673008 23.711361 26.704990 29.619568
85 12.805 108.505119 31.586805 27.056347 31.952085 36.304237
77 10.470 309.184113 38.681980 34.899162 38.864544 42.420879
77 10.313 309.482605 38.777977 34.996494 38.958660 42.511662
62 7.242 116.894745 38.301945 32.173756 39.261150 45.828724
65 8.197 153.998901 35.216099 28.812195 34.739502 40.415607
65 8.908 157.534866 35.574642 29.406487 34.577915 39.643047
71 13.711 309.748657 41.272053 38.920227 41.464508 43.701603
77 12.803 555.073730 20.913065 12.479825 17.023375 21.816065
70 12.780 248.635117 44.110210 41.018124 45.583054 49.573708
63 9.102 247.898148 48.963581 45.898121 51.011173 55.465908
80 10.601 239.233948 39.773312 35.741188 39.867657 43.641392
65 11.225 115.364586 35.487015 32.522766 35.553944 38.186958
71 11.812 201.144760 39.955601 35.314884 39.193516 42.903111
58 6.397 125.533882 46.966259 42.045437 48.517456 54.476395
72 13.432 157.876663 29.244669 25.153986 30.330605 34.719414
82 13.007 248.151337 35.927773 32.244377 36.953209 41.072327
73 14.611 289.471466 27.164757 21.644129 26.434298 30.941881
84 11.335 298.002228 38.594440 34.708942 38.765450 42.447216
59 10.233 201.771179 40.512592 35.886028 41.115337 45.887005
59 10.233 201.771179 40.512585 35.886017 41.115330 45.886993
80 11.532 241.792175 37.019310 31.855291 35.676369 39.392040
77 11.401 493.252777 39.266346 34.570404 38.018246 41.369205
85 14.040 467.080688 34.100327 29.601511 32.561497 35.413349
85 16.475 463.036255 32.774044 28.861193 31.948315 34.858185
81 14.832 455.612671 30.556393 25.546261 29.467312 33.272354
85 11.724 69.664383 30.508465 24.663284 28.591585 32.432560
83 10.997 101.664818 24.395325 17.304050 21.788177 26.223526
59 10.233 201.771179 40.512589 35.886032 41.115341 45.887005
78 13.500 170.355713 30.573433 25.025475 28.663389 32.255981
58 9.948 118.880516 39.105137 33.911690 39.847950 45.302044
79 10.963 469.424744 34.633324 29.809950 33.478588 36.964901
84 11.406 88.984200 30.204596 22.138460 27.339317 32.731884
84 13.255 143.307220 31.108688 27.659109 31.692966 35.143208
86 12.716 136.008621 27.966867 22.430317 26.008282 29.511055
30 3.269 182.177292 73.885864 74.188217 78.903786 82.573410
33 9.106 30.702600 38.670685 33.414001 39.699074 45.458698
86 13.626 83.660507 30.186193 25.222282 29.502850 33.521236
64 8.595 206.304840 46.654427 42.198895 47.241749 52.017857
80 13.253 171.829361 30.333246 24.251949 27.840082 31.478546
80 13.253 171.829361 30.333246 24.251949 27.840082 31.478546
82 11.103 469.712463 33.812653 28.794308 32.406681 35.882263
85 12.045 151.794983 34.427387 31.214645 35.768993 39.615585
85 12.045 151.794983 34.427387 31.214645 35.768997 39.615585
79 11.411 188.905045 34.030701 29.740488 34.620846 38.959900
29 3.497 180.984146 74.943436 75.361885 79.811508 83.276031
80 10.111 227.680511 36.697792 31.217449 35.268047 39.233284
83 15.943 32.083649 21.246855 15.480030 18.048712 20.610977
80 13.416 171.288422 30.255875 24.255100 27.831690 31.446753
79 14.384 100.567528 24.484404 19.105877 23.479618 27.561264
75 13.374 147.508011 29.786022 23.849493 27.163633 30.548557
80 15.526 322.736115 36.848969 34.988663 37.710091 39.994740
86 12.472 114.097008 35.161076 31.939226 36.502182 40.412521
44 5.619 368.998962 63.603676 61.366440 64.820305 67.914360
75 12.954 130.389053 30.694042 25.941664 30.132881 34.028286
39 7.889 28.623823 35.684578 29.097109 36.844921 43.994576
85 13.005 72.757568 30.332064 24.761253 29.154615 33.300507
53 7.343 82.791649 51.049786 48.366474 54.379898 59.530659
78 14.453 146.534622 28.348263 23.409311 26.591537 29.662540
86 11.732 105.103958 32.315266 27.096893 32.415588 37.236786
63 9.256 137.216339 45.635399 43.137691 49.736351 55.159611
84 11.541 237.722595 38.678253 35.400982 40.381123 44.648914
73 11.093 44.057739 24.665167 16.804708 22.267826 27.659716
81 13.227 102.619041 32.362648 28.135790 32.269104 36.023510
59 12.040 114.310753 32.239017 26.614502 32.549786 37.955063
64 12.108 114.854347 29.248821 23.270157 28.774906 33.852421
65 13.391 109.971176 28.946947 24.125446 28.664394 32.781452
75 12.807 42.749332 20.335611 11.460190 16.576715 21.858475
85 11.778 104.493416 32.337444 27.191774 32.428314 37.173359
84 11.271 119.354294 28.578524 21.223078 26.473423 31.719976
84 11.874 147.293900 38.650745 35.266060 39.827896 43.790577
66 12.206 119.542824 29.333429 23.071936 28.235682 33.093906
55 9.573 39.271839 33.706757 27.824392 34.487244 40.536705
57 13.062 65.608727 24.944828 18.513353 23.466671 28.141310
79 11.522 192.289658 28.528788 22.197050 27.382982 32.272709
61 10.889 124.541306 34.959343 30.733181 35.228779 39.255653
61 10.282 126.499001 35.265644 30.927696 35.348225 39.315979
61 9.766 130.689743 35.530975 29.692171 35.262779 40.507759
80 11.524 197.608185 31.299484 26.665546 32.140976 36.902168
86 11.622 199.072861 30.816191 24.554996 29.475952 34.294319
66 9.870 205.055176 39.202824 35.282185 39.651638 43.586704
32 6.566 34.234066 49.019794 45.616722 53.132481 59.516335
85 14.026 107.771698 27.470200 21.457800 25.856110 30.165022
80 12.460 190.673523 26.797089 20.715645 25.021355 29.128826
84 10.076 90.630272 25.416969 16.420006 22.371120 28.499638
86 9.787 79.254066 23.379450 14.202556 19.106871 24.439930
84 9.307 200.938797 38.737846 34.074844 39.845585 44.989296
36 6.065 111.403023 59.626053 57.886562 62.678787 66.636406
77 9.588 195.475403 40.266216 36.681332 42.126007 46.808636
68 12.771 246.143219 35.021557 31.366589 34.520847 37.348480
80 13.087 40.327381 22.488840 14.271362 18.888790 23.740620
86 13.249 44.544670 19.467896 10.749697 15.439008 20.326965
65 13.382 102.254242 32.161736 27.869680 32.384426 36.523701
85 8.657 296.671173 42.342594 38.993404 44.925156 49.967583
84 8.656 115.580124 35.641022 29.441496 36.079556 42.223709
84 8.656 115.580124 35.641018 29.441494 36.079559 42.223709
80 12.281 70.522758 27.986515 23.744379 27.044888 30.034714
80 12.076 61.067905 21.886757 15.884816 19.749767 23.449526
64 12.310 244.698746 36.282654 32.925529 36.246758 39.168282
75 11.894 290.750153 43.541882 40.399269 45.169666 49.257793
83 12.960 137.200516 24.316389 17.333004 21.271793 25.283789
79 11.787 221.735352 26.083954 19.290043 24.227041 28.966982
74 9.175 169.799911 40.523911 36.105083 40.601589 44.751373
86 11.097 112.545631 30.358143 24.139990 29.130396 33.899902
84 10.773 52.429611 27.755598 19.377943 26.203020 32.906399
63 11.873 34.210854 20.329035 12.018206 16.099665 20.429552
66 12.999 180.247330 30.248505 25.365459 28.863873 32.232342
72 10.712 53.969810 28.718258 22.613432 28.473310 33.821304
71 11.212 288.898712 45.081635 42.116337 47.160286 51.453304
82 11.946 203.196320 28.258259 21.711679 26.399181 30.949484
79 11.042 175.910568 30.253471 23.502197 28.724020 33.763672
79 11.042 175.910568 30.253468 23.502197 28.724020 33.763680
80 8.908 264.172607 37.634636 34.013687 40.380684 45.706245
84 11.020 135.637100 30.585781 23.295544 29.792990 35.963268
84 10.863 168.901978 33.677635 27.526943 32.370663 37.079369
84 10.863 168.901978 33.677635 27.526943 32.370663 37.079365
84 10.863 168.901978 33.677639 27.526943 32.370659 37.079365
79 10.653 167.489883 35.095631 29.199711 34.286392 39.144718
82 12.010 84.204399 24.666197 16.909046 22.252220 27.567305
84 12.374 126.983215 24.112270 17.378830 22.240683 26.923922
84 11.787 117.968666 32.204998 27.795227 33.184029 37.878204
85 14.148 131.993912 29.177958 24.091211 28.982866 33.412285
77 13.158 125.720490 33.182781 27.937719 32.976646 37.587601
69 11.757 93.399384 33.522194 29.179792 34.821716 39.776806
51 5.681 212.158066 57.337940 53.980339 59.795521 64.914612
55 5.173 309.030914 61.210861 58.954830 64.785439 69.726509
48 9.677 29.976187 29.445787 22.118103 27.929689 33.604424
61 8.986 231.965775 49.061901 45.793110 49.985912 53.720711
84 12.374 126.983215 24.112270 17.378830 22.240679 26.923922
75 10.897 306.522278 39.083141 34.910683 39.903034 44.367081
82 10.619 297.002197 39.891689 36.069729 40.840328 45.032681
71 9.577 282.888367 48.987717 46.197701 51.476112 55.983166
80 11.256 272.638245 42.106323 38.372433 42.817757 46.746113
83 12.262 286.542114 33.269058 28.524906 32.466362 36.135132
59 6.550 273.050262 56.493294 53.711895 59.061260 63.742691
61 5.797 314.477356 57.413292 54.697914 60.361305 65.284676
61 6.677 311.566956 56.289757 53.783802 59.221161 63.837948
84 14.211 114.295288 33.515644 29.858736 35.076534 39.545246
71 8.689 258.434570 43.150238 39.367924 45.000576 49.890968
86 15.363 226.079010 34.039433 30.861439 34.173561 37.011723
86 15.363 226.079010 34.039433 30.861439 34.173569 37.011723
56 8.993 265.532135 56.757702 56.149410 60.777515 64.361908
60 6.723 264.401672 55.281837 52.224228 57.586899 62.281483
62 8.959 190.352280 45.164421 41.683804 46.467983 50.776966
81 11.986 99.989204 23.096895 14.309141 19.641310 25.143839
83 14.796 309.047211 34.192677 32.577209 34.189442 35.503387
51 9.965 37.490200 23.050940 12.345487 18.543222 25.227217
50 10.091 305.961639 55.381203 54.865334 57.471046 59.486073
86 15.363 226.079010 34.039433 30.861439 34.173569 37.011723
31 4.626 135.675797 66.671768 65.839218 69.323273 72.283363
31 3.206 201.270599 73.263992 73.964088 79.001244 82.837440
57 6.582 104.316177 49.957958 46.891510 53.431652 59.003830
84 11.760 150.200287 22.549320 14.280958 19.322453 24.544451
34 7.199 30.829638 42.680653 38.382965 46.021553 52.543022
83 13.524 80.002777 21.540176 14.244431 18.771070 23.277367
84 13.702 86.234032 25.287947 18.481316 23.837978 28.933126
69 11.646 273.378113 43.197865 40.054913 43.627598 46.758297
86 13.418 141.402161 24.020245 17.578993 21.832733 26.009731
31 3.206 201.270599 73.263977 73.964088 79.001244 82.837433
57 11.950 25.628370 19.828003 10.418577 15.315166 20.596603
66 10.644 44.084927 23.096605 14.934039 20.022951 25.189087
59 12.490 64.229279 17.301552 8.365058 12.144713 16.403811
37 6.180 205.037643 65.496490 65.224243 69.034012 72.047775
40 6.127 85.265602 54.500507 52.862495 58.737659 63.543282
69 12.581 41.087097 24.548103 17.680128 22.740540 27.628719
84 13.918 50.693569 25.591953 18.893379 23.474766 28.019836
60 12.325 39.595959 35.914181 31.355824 36.274269 40.733826
56 9.451 267.984894 46.131863 42.489475 46.448082 50.092236
53 12.622 51.662769 24.588232 18.923233 23.739040 28.163631
60 7.691 234.619583 53.036999 50.427372 55.378586 59.612530
77 12.347 37.694126 29.526075 23.726532 29.897642 35.465240
52 6.662 227.914719 54.114407 51.023071 55.768631 59.962673
36 4.952 286.365723 69.370094 67.628204 71.389481 74.795906
48 10.132 314.289795 52.281818 49.997082 52.546967 54.913929
84 14.421 44.636723 30.442549 25.319479 31.062799 36.192474
84 14.016 59.491043 30.761734 25.667080 31.535025 36.774525
52 10.867 30.771517 28.144527 21.322283 27.427980 33.096729
39 8.788 41.962360 44.122578 40.804653 45.231339 49.066536
60 7.691 234.619583 53.036999 50.427376 55.378586 59.612530
80 9.835 183.932129 35.450672 30.438776 36.684391 42.223782
86 10.697 144.610001 36.699772 31.329399 36.970253 42.194439
65 10.501 31.861996 23.600395 14.457082 20.386946 26.461252
78 10.074 115.475235 34.426807 29.429657 35.260071 40.486702
83 10.316 112.187393 31.308962 25.172598 30.900896 36.268509
63 9.419 214.281052 38.644550 34.366730 41.325024 47.306366
84 10.142 187.128159 34.303112 28.987022 35.086697 40.570206
80 9.260 144.342148 39.144585 33.587868 39.642014 45.254650
46 10.015 91.675186 45.427052 41.966137 46.017498 49.613644
78 11.834 92.128204 24.647938 16.606848 21.993586 27.403961
44 9.128 104.967346 51.230335 47.204819 51.906082 56.237301
86 10.287 157.747055 31.754429 25.952753 31.876839 37.292900
71 8.786 176.399582 38.421383 33.032318 39.851822 45.981068
84 12.762 182.320938 36.159340 32.182903 37.032455 41.357769
80 12.850 55.917030 23.545731 16.096081 20.223452 24.515215
73 12.098 265.305267 30.507875 25.417765 31.152308 36.311253
85 10.253 135.259155 31.165211 25.121122 31.097527 36.601818
84 11.270 175.202515 33.318939 28.405813 34.066887 39.096989
72 11.800 206.745850 32.658440 28.794569 32.937447 36.601791
36 7.259 51.120422 51.560776 48.513538 53.946686 58.667950
66 11.328 38.912102 32.289005 26.650709 32.323631 37.586140
78 10.057 198.134247 38.298500 34.111561 39.234169 43.787910
79 9.815 160.989563 33.176712 27.456509 32.951038 38.072792
71 11.092 183.377121 30.726511 25.681456 31.321371 36.313629
39 8.166 71.870712 49.703220 48.365944 51.329422 53.745216
75 10.677 135.845108 37.807812 32.609886 37.835342 42.694191
38 4.894 113.877510 63.120804 62.241951 68.412086 73.396111
84 12.489 164.601486 18.012722 9.959424 13.614755 17.541788
83 13.479 96.153831 15.629416 6.166572 9.717383 13.846189
77 13.802 91.585518 13.308055 4.690985 7.778733 11.306849
77 10.084 129.831604 42.069588 37.499191 42.552471 47.266647
72 10.321 164.071228 27.833481 20.327982 25.834383 31.327454
84 13.301 93.133461 20.809982 14.512527 18.560751 22.445162
84 11.802 166.427994 36.823395 31.455135 36.161110 40.731739
52 8.168 60.526905 33.481674 26.900475 34.866451 42.040588
79 10.741 110.518234 30.497904 24.844576 30.789171 36.180832
55 8.525 111.447670 39.157803 33.033390 39.075581 44.820820
86 10.577 99.259911 30.039925 22.728172 29.046080 35.069065
84 13.301 93.133461 20.809982 14.512524 18.560751 22.445166
52 8.933 64.112999 30.805277 22.878248 30.528004 37.763393
57 8.769 65.324638 31.718023 24.161345 31.912558 39.154427
84 11.427 113.521057 28.656857 22.729626 28.240763 33.316193
60 9.013 112.848846 37.179913 30.887308 36.434563 41.761543
51 9.134 121.050285 44.882229 42.298157 47.802692 52.384289
75 10.600 173.210800 39.692596 34.754787 39.559425 44.029152
57 10.553 55.730606 28.650755 21.665371 28.647787 35.051094
62 12.413 61.186268 26.037718 19.877508 25.966543 31.452875
62 10.741 56.090992 22.430782 14.773489 19.556316 24.339832
72 10.313 200.219635 33.382580 27.270653 33.710052 39.620262
45 6.168 82.479378 57.271282 55.476643 60.564079 64.844711
75 10.600 173.210800 39.692596 34.754787 39.559425 44.029152
65 10.613 82.724693 31.367235 26.411654 30.569151 34.393513
73 13.587 212.008224 33.153740 29.376368 33.037678 36.274620
55 13.907 45.021030 18.509315 11.074680 14.810717 18.653482
54 8.788 77.820190 50.782936 47.557762 52.527416 56.926262
82 10.718 111.376015 36.919769 32.102566 38.011139 43.320156
69 11.044 37.810184 27.346022 19.769562 25.133148 30.501949
74 9.978 107.635063 33.152771 27.642832 33.194103 38.283447
74 10.035 113.288185 34.903149 28.690710 35.258320 41.335140
78 13.102 197.711243 29.693213 24.605181 28.648769 32.382240
74 10.624 531.596313 39.826977 35.677322 40.754807 45.253548
72 11.523 138.366943 42.127094 38.835739 44.223282 48.858231
80 12.093 226.201431 37.842316 33.285606 37.152473 40.746605
78 14.067 170.270599 30.299244 25.067560 28.609369 32.038685
60 6.719 207.133682 53.591259 50.917969 56.998291 62.149639
66 10.218 208.393127 48.780678 46.150940 51.701748 56.409946
75 10.666 531.666382 39.353752 35.202492 40.209686 44.647209
65 8.995 136.251389 45.484211 42.162247 48.075268 53.154549
80 12.093 226.201431 37.842316 33.285599 37.152466 40.746605
78 14.067 170.270599 30.299244 25.067553 28.609369 32.038685
78 14.124 170.052689 30.203188 25.089521 28.577984 31.929005
70 9.470 213.276962 46.687653 43.947239 49.177811 53.591019
84 12.327 108.347687 32.661900 28.134983 33.179321 37.657375
80 10.299 239.999405 39.794346 35.730797 39.872829 43.658184
80 9.334 246.345016 39.442646 33.912960 38.678101 43.245197
79 13.797 455.051910 38.489109 34.270065 36.920933 39.531483
82 15.286 490.163055 31.821497 27.410799 30.935526 34.263832
76 15.449 269.959656 37.391945 34.770157 37.458458 39.838364
77 11.622 279.316650 34.635258 30.678822 33.694984 36.452179
67 11.786 115.371376 35.476288 32.832943 36.368073 39.304558
77 15.276 432.832245 39.056984 35.093323 37.651348 40.158531
81 13.680 241.782379 37.121361 34.133186 37.743637 40.898861
85 13.147 175.595520 34.565693 31.246395 35.517654 39.223759
47 4.839 284.280579 64.764183 63.940819 69.159050 73.465065
85 12.336 290.193512 30.847351 26.394304 29.291565 32.013962
50 10.690 35.782967 33.577923 28.185209 34.359806 39.943203
84 15.505 464.354950 33.829971 29.525030 32.704380 35.749931
85 14.041 168.253372 32.290791 28.533926 32.301823 35.681713
85 13.147 174.631912 34.576412 31.288609 35.568718 39.271049
44 6.108 367.726746 65.314720 63.560825 66.581642 69.230392
76 8.772 135.918793 38.514503 32.654408 38.356026 43.771046
59 6.656 130.133270 47.854946 43.217445 49.682892 55.602131
84 15.697 463.371429 33.644035 29.374907 32.584293 35.649727
86 12.667 278.850555 31.020798 27.401014 29.972614 32.271301
86 12.732 286.106506 31.607618 28.029484 30.701439 33.085537
78 12.999 279.513031 34.741116 31.485971 34.396156 36.955498
65 8.079 158.416443 35.623550 29.289806 35.371162 41.152515
53 6.416 128.937347 51.098034 47.428230 53.819866 59.491539
79 15.932 445.498138 31.436811 27.096203 30.169752 33.131721
30 3.850 177.506775 71.850868 71.447586 76.290871 80.176971
73 11.612 194.271255 30.667019 24.346073 29.013977 33.560699
31 3.674 181.258728 72.318184 72.198738 77.076271 80.938911
64 8.102 112.958290 38.041939 31.566759 36.877632 42.193035
84 15.335 106.904472 13.794087 5.575830 8.835458 12.515266
24 5.469 6.989125 46.966015 43.451157 50.674667 56.819046
31 3.358 156.300201 72.330788 72.851074 77.776810 81.604446
78 10.525 227.276382 39.380486 34.329056 38.625374 42.701118
80 12.118 100.785370 30.130733 24.462208 29.745417 34.568794
73 13.864 309.870392 40.188183 37.858860 40.337990 42.517357
80 14.764 248.482956 34.298950 29.819910 32.595055 35.354355
80 11.945 188.747345 27.167805 20.337816 25.300873 30.084314
78 9.974 230.212952 39.679096 34.485340 38.977043 43.243515
71 11.253 64.865425 27.365055 20.534103 24.748302 28.987104
63 8.583 116.606873 39.470474 33.613995 39.403660 44.932091
77 13.308 543.476685 24.198936 17.206228 21.189230 25.217346
76 12.413 138.699219 40.107044 36.866680 41.988514 46.389709
80 12.093 226.201431 37.842319 33.285606 37.152473 40.746605
78 14.067 170.270599 30.299244 25.067554 28.609365 32.038681
78 14.124 170.052689 30.203154 25.089489 28.577972 31.928986
64 10.376 214.081467 50.368137 48.120701 53.628319 58.231564
86 11.735 102.091446 32.196938 27.058100 32.224972 36.905312
81 8.893 148.450821 39.081810 34.392113 41.519646 47.744915
66 9.798 210.540329 39.527828 35.463215 39.970379 44.070099
71 12.925 153.778458 22.794577 16.196875 19.561134 23.057859
76 12.865 183.805832 24.651892 18.111378 22.342674 26.475756
79 11.895 172.080521 27.953096 21.161592 25.639969 30.093607
86 11.735 102.091446 32.196938 27.058092 32.224968 36.905308
83 8.675 226.542999 42.551727 38.471893 44.000229 48.906433
62 11.153 240.165405 24.182447 16.092783 21.434397 26.829409
80 12.888 53.145657 19.454676 9.815354 14.735949 20.049603
81 13.337 116.774780 19.865419 12.714353 16.353603 20.086557
79 11.790 176.665344 28.462317 21.658792 26.316954 30.922060
86 8.076 256.865692 44.271828 40.911835 47.411068 52.932999
60 10.178 226.910675 24.560337 16.383244 21.719852 27.092194
86 12.392 66.461060 23.013783 15.182461 20.327364 25.419615
86 11.920 396.406372 17.193123 10.280392 13.131810 16.184380
79 12.756 203.175858 23.953182 17.446871 21.703068 25.801556
82 11.883 219.102737 28.230198 21.324947 26.169912 30.929081
71 11.030 44.741585 24.795052 16.735998 22.436811 28.070360
55 9.432 43.165104 32.750278 26.434109 33.795494 40.413410
85 13.932 117.179665 30.239479 24.704493 28.676752 32.574455
58 7.288 92.127350 42.410915 36.745731 44.236393 51.037407
58 8.294 182.258453 37.198620 32.024948 35.958225 39.857700
84 7.741 209.510315 39.597195 34.482437 42.133858 48.836811
81 12.702 106.514320 31.965233 27.676914 31.984753 35.862038
57 9.307 101.233078 39.804211 35.878868 39.297268 42.402496
82 12.598 191.449692 25.210232 19.146530 23.041790 26.811920
86 8.641 199.925797 33.381275 26.011381 33.748295 40.958912
60 11.085 85.325005 27.291485 21.125580 26.165596 30.847128
77 8.741 69.606674 37.852455 32.319153 39.049007 45.137306
59 11.599 115.609337 34.552208 29.459349 34.607944 39.354168
77 11.552 63.484913 24.298506 15.771001 21.459150 27.246040
84 11.616 88.869286 32.082085 27.458374 32.025455 36.059212
27 5.805 20.623444 50.746395 47.932495 56.066757 62.839939
75 9.939 246.630219 32.191204 26.955460 30.982962 34.843536
30 7.747 23.926382 40.572224 36.028023 43.547428 50.174755
62 13.722 67.981941 35.211338 32.756714 35.922951 38.550781
84 11.650 179.364807 26.462496 19.774204 24.814770 29.631531
84 11.616 88.869286 32.082085 27.458374 32.025459 36.059212
32 7.458 21.925474 42.932903 38.592884 46.159180 52.657753
75 9.939 246.630219 32.191200 26.955462 30.982962 34.843536
43 7.318 183.115402 56.318619 53.085949 56.965321 60.581982
69 13.034 51.637455 20.616095 12.659505 16.991810 21.467997
61 9.977 119.640907 33.647346 27.811960 32.540543 37.058247
84 9.345 97.079033 34.328506 28.495609 34.948498 40.776958
86 12.110 78.779388 21.380054 12.518773 17.427624 22.581045
75 9.939 246.630219 32.191204 26.955462 30.982962 34.843540
40 9.963 25.992016 30.134634 23.729664 29.546558 34.982121
84 14.634 338.123322 28.439363 25.005426 28.196754 31.007513
59 10.352 76.902390 38.713608 34.002346 39.156483 43.800228
36 7.149 55.209435 56.680923 55.028175 59.207169 62.776382
68 10.599 139.864349 34.873470 30.168205 35.387718 40.079720
72 9.367 246.678284 32.563232 27.619581 31.452854 35.096581
67 11.380 35.019154 25.586954 17.941671 22.855083 27.783604
83 11.708 148.253220 34.651978 30.049957 34.473267 38.558464
78 8.522 151.960159 40.648010 36.216778 43.501995 49.829063
84 11.711 137.347900 34.849651 30.770103 34.845600 38.457874
72 11.701 57.747547 24.313034 16.118359 21.473633 26.903963
72 11.350 112.346939 23.168509 14.479126 19.638115 24.943092
84 12.992 172.585571 31.812166 27.090853 30.608189 33.960640
84 12.547 125.512444 25.355984 18.961599 23.550560 27.995977
75 8.982 290.017029 45.057491 42.061386 47.282482 51.724083
58 8.584 255.838913 54.512863 52.738850 57.504402 61.450638
47 9.198 33.366276 22.639648 13.843904 18.776016 23.917837
62 6.985 240.303619 53.697758 50.833878 56.139664 60.766678
62 6.661 225.511963 53.638298 50.618008 56.285824 61.291832
84 11.171 134.059875 30.212009 25.105930 29.445972 33.451923
84 11.626 240.404938 37.924248 33.956184 37.798904 41.266632
58 8.584 255.838913 54.512856 52.738850 57.504410 61.450638
54 9.773 33.924896 23.629427 15.920942 20.970396 25.953154
62 6.985 240.303619 53.697758 50.833881 56.139656 60.766670
62 6.661 225.511963 53.638298 50.618000 56.285824 61.291832
79 12.449 317.075806 40.989544 38.223286 41.805965 44.875057
81 12.058 137.870407 36.595276 32.538387 38.105049 42.948875
69 8.660 202.033401 34.640995 30.351580 34.346798 37.949543
58 8.254 177.343185 42.076530 36.556263 41.387287 46.079945
54 8.606 189.334412 45.498859 41.211445 45.629063 49.754166
52 6.837 193.456879 55.314434 53.040520 58.037754 62.300858
80 13.602 132.350296 31.779058 27.352779 32.232361 36.517689
54 9.617 269.167328 39.239326 35.738640 40.282490 44.244270
61 11.360 90.532021 23.752645 16.455540 21.408972 26.308037
25 2.517 276.172699 84.048416 85.909889 88.805779 90.910637
39 7.612 190.310089 53.554337 52.082039 55.539001 58.351063
36 4.954 285.937958 69.141861 67.354134 71.177612 74.634079
69 10.975 149.835724 31.725615 24.344088 29.575687 34.894566
83 11.848 282.233948 34.130333 30.101263 33.503323 36.574203
85 10.392 237.673477 38.508549 35.635746 42.861824 48.714130
38 8.083 279.914764 57.872971 57.049389 59.396202 61.325787
39 7.571 176.614197 51.320202 49.785629 53.170937 55.925545
46 10.037 314.546021 54.372787 52.085480 54.794971 57.305702
50 6.217 137.884903 56.231056 53.797169 59.417393 64.272926
61 7.020 254.232513 54.364395 51.105721 56.397373 61.066319
75 13.226 52.538868 17.327374 10.479879 12.994782 15.710399
84 14.774 61.445782 17.625137 9.187334 12.528331 16.300247
67 13.684 72.258797 17.747498 10.327287 13.489469 16.853437
79 15.547 72.226395 21.647263 15.231894 19.251991 23.293467
55 6.992 106.450783 52.611382 49.678951 55.259777 60.137039
61 6.119 239.767029 56.296371 53.708256 59.516773 64.570915
38 6.083 175.945068 65.060341 64.273979 68.434677 71.828758
67 13.152 42.534714 16.157276 6.493230 10.523502 15.074577
78 13.992 119.508972 23.980892 19.088793 23.288895 27.033188
77 16.108 48.422325 21.867861 14.959100 20.487228 25.741045
58 8.595 106.078651 43.179314 39.960972 45.583328 50.378590
60 6.486 241.913605 56.052647 53.704517 58.985935 63.583172
84 13.151 170.777313 22.862251 18.426029 21.918749 24.990429
69 9.610 271.823303 44.293613 40.228436 44.428341 48.283211
64 9.302 78.392586 33.805050 27.542622 33.746559 39.507179
42 9.929 152.139847 57.539440 56.359474 60.501797 63.834431
59 8.447 225.490356 51.034527 47.901756 52.127533 55.864719
85 13.760 115.317871 33.763435 29.893522 34.833027 39.107845
65 11.950 257.199829 26.986080 21.406849 26.037651 30.396948
80 12.569 111.614349 25.398296 18.422674 23.110981 27.728012
55 8.935 356.963776 43.915520 41.043365 45.745758 49.823875
50 11.621 140.706116 36.161457 32.540760 37.176304 41.215145
84 12.547 125.512444 25.355986 18.961596 23.550560 27.995981
71 10.080 236.235870 43.621010 40.319118 44.516865 48.191650
58 8.584 255.838913 54.512856 52.738846 57.504402 61.450638
45 9.223 33.294292 23.188156 14.354096 19.461546 24.764261
61 10.629 235.137131 48.565212 45.317856 49.863659 53.859192
62 6.735 224.512741 53.416897 50.460854 55.835167 60.581398
