60 8.966 74.312141 32.572468 25.426916 33.032982 40.077934
57 11.897 99.885681 38.597111 33.784538 37.145393 40.422966
34 6.443 97.644669 54.602142 50.724556 56.442253 61.581097
60 12.032 41.169945 25.187738 17.621176 23.011217 28.275909
55 11.014 97.133453 33.694027 27.878117 32.830521 37.515305
59 11.390 103.658989 35.785610 30.985334 35.208302 39.134567
60 10.764 99.816628 35.230450 30.074926 34.649639 39.000427
60 10.723 79.409149 34.057583 29.032354 34.559872 39.564430
48 8.005 36.576424 43.660400 39.578640 45.459835 50.648342
55 10.625 100.520195 35.859806 30.191879 35.712963 40.848492
53 8.203 121.218193 42.268684 37.482342 43.142387 48.345310
47 8.386 105.603821 40.814857 36.646496 43.309921 49.133884
58 9.526 94.211357 40.744884 37.180836 41.994194 46.182259
60 9.569 69.965477 31.463245 24.134684 30.773535 37.149464
59 7.495 108.452148 44.655556 39.633194 46.415386 52.556786
55 9.542 92.076309 43.552486 40.038410 44.666039 48.731911
59 9.766 94.216827 40.118370 36.546425 41.282207 45.402134
59 9.766 94.216827 40.118366 36.546425 41.282211 45.402138
59 10.294 67.632721 30.419704 23.380541 28.988253 34.513783
60 11.075 38.722549 25.739643 18.326609 23.125763 27.975016
51 10.416 33.123711 27.419632 19.982346 24.975269 30.033298
58 10.165 72.570328 38.247299 35.024433 39.473389 43.269356
58 10.165 72.570328 38.247299 35.024433 39.473392 43.269356
58 10.165 72.570328 38.247299 35.024433 39.473385 43.269356
60 10.841 120.427704 36.317940 31.255228 35.893742 40.223137
60 10.841 120.427704 36.317940 31.255226 35.893742 40.223137
60 9.938 62.706303 35.008366 31.028816 35.576859 39.563698
54 8.327 74.491249 40.367718 34.757706 41.366447 47.456226
59 9.127 76.274940 37.124409 31.436567 37.592075 43.295612
59 9.127 76.237289 37.142742 31.450375 37.600826 43.299557
60 9.484 78.751205 41.041313 37.479256 42.483822 46.872646
60 7.179 69.258583 47.748318 44.077854 50.765301 56.583843
60 10.654 85.549019 34.329964 30.316181 33.875546 37.128372
43 5.454 24.359186 53.712906 51.124710 58.792702 65.169357
51 5.178 105.666168 53.333397 51.956837 60.503571 67.295471
58 8.553 63.236694 41.023827 36.050987 41.172462 45.888924
60 10.643 44.892998 27.473778 18.870781 24.810612 30.836477
58 10.407 74.486588 32.123669 28.844957 32.225063 35.192329
60 10.357 42.522362 29.736113 22.305912 28.731287 34.865761
52 7.357 115.573807 40.417385 34.691021 42.188797 48.982368
45 10.776 16.758162 31.482075 25.445608 31.892469 37.816231
49 9.756 33.027870 42.156956 37.360985 42.067368 46.516438
58 10.390 79.215614 31.773138 26.768766 31.439466 35.722443
58 10.390 79.215614 31.773136 26.768763 31.439466 35.722443
51 9.470 107.093323 43.419285 40.307072 46.238586 51.266563
60 10.727 17.539240 24.258030 15.364695 21.099087 26.963659
60 10.718 18.405857 26.786226 18.814301 24.714281 30.541851
59 10.482 48.784000 22.883945 14.387251 18.475906 22.970312
60 10.091 72.675865 32.022739 26.430901 31.975822 37.054611
60 9.428 37.889202 36.317997 30.787205 35.883350 40.778015
26 4.312 16.820675 61.660103 62.156670 69.427803 74.987167
60 8.369 70.079895 47.399059 44.318432 49.599838 54.197693
60 10.595 31.403194 30.500578 23.928402 29.218327 34.277775
57 9.292 45.063580 38.882473 33.341743 39.304585 44.814548
52 10.659 58.100109 41.939262 38.439831 43.334080 47.743813
25 3.363 140.539383 77.058929 77.892288 81.971649 85.127487
55 8.198 36.430031 37.807430 31.706209 38.768517 45.288746
25 3.363 140.539383 77.058929 77.892288 81.971649 85.127502
31 7.031 17.408857 37.026054 31.448709 39.004536 45.728924
58 10.883 12.305132 29.906660 23.476006 29.102457 34.385727
58 7.154 19.226624 41.793102 36.090847 44.411934 51.778229
59 11.193 42.469677 31.149603 24.267929 30.421124 36.234219
39 5.826 69.800072 53.020588 50.712761 57.302917 62.852139
47 9.103 19.107458 31.085630 23.982508 31.142788 37.824856
52 9.283 44.097206 36.902523 29.878246 35.733253 41.487633
52 9.716 63.825142 35.131992 29.991640 36.365700 42.018612
59 11.314 86.393921 28.020792 22.293701 26.070604 29.673775
46 9.240 20.047199 26.557198 17.113802 23.905306 30.835695
58 9.443 26.116753 30.847052 23.196281 29.554707 35.767090
41 9.389 54.146198 33.963402 28.323078 35.361614 41.665920
41 9.389 54.146198 33.963402 28.323082 35.361618 41.665932
41 9.389 54.146198 33.963402 28.323082 35.361618 41.665932
60 9.046 39.100094 41.217144 36.313450 42.705013 48.411255
36 7.979 14.141237 52.454666 50.391819 56.470142 61.527229
50 8.490 98.444954 37.318855 31.249985 38.250015 44.719296
60 10.512 45.801937 23.705721 17.128815 21.520620 25.784386
35 8.669 31.090361 39.055019 33.125259 38.567932 43.814419
58 10.616 82.140167 23.192425 17.860529 21.218838 24.457804
60 11.105 26.877628 32.657421 26.177067 31.758512 37.056904
58 10.984 37.873535 26.399704 18.633692 24.420130 30.049179
49 9.479 27.864828 31.180532 25.085173 31.115456 36.659149
40 7.083 207.992264 56.247894 52.159870 55.840923 59.515553
58 10.577 12.828141 24.174074 14.442421 20.780245 27.378321
60 11.105 26.877628 32.657425 26.177067 31.758512 37.056904
58 9.486 50.614540 33.511559 27.319790 34.752804 41.439629
41 8.464 11.930659 37.635044 32.287598 39.343956 45.669193
57 9.457 17.896547 29.038111 21.105654 28.013544 34.669029
59 10.924 25.444265 33.877823 27.642511 33.358822 38.737160
58 10.572 25.221939 34.466595 28.203184 33.980141 39.422050
60 11.213 25.465406 33.375126 27.175575 32.800278 38.092003
60 10.629 50.243446 24.387085 15.117310 20.990772 27.083712
58 9.742 33.026470 29.307409 21.675352 27.641834 33.480228
60 11.499 23.794622 25.023119 18.036737 23.258228 28.287210
59 10.665 87.053513 38.485725 33.451881 39.536259 45.045021
59 9.590 47.282894 32.356766 25.379250 29.859140 34.419983
60 8.318 102.145058 42.764198 37.424221 42.849754 47.995743
41 9.184 12.723554 30.952869 22.870651 29.949329 36.788586
58 11.200 56.208054 36.001957 31.477392 36.603607 41.300747
24 4.524 3.891793 58.202820 57.582119 64.875580 70.698860
52 6.255 108.977203 47.796551 43.053940 49.888657 56.008976
49 6.513 93.813995 48.421032 44.034687 50.345573 56.039890
24 7.386 8.618449 42.201244 37.333862 42.327911 47.088512
60 6.363 78.164780 46.642220 42.009468 49.029228 55.335121
49 10.141 26.593880 32.995716 27.846043 33.758896 39.112480
54 9.224 31.398930 31.895403 25.316422 32.332687 38.729511
38 8.324 5.592769 39.612625 34.362537 41.790436 48.381897
48 9.498 16.803246 35.753452 29.661766 36.786854 43.261139
47 9.562 78.569824 37.899475 32.673622 37.431492 41.903095
51 9.920 11.438096 25.671452 16.551239 23.158964 29.817711
60 8.776 108.007988 42.368076 37.324352 41.871548 46.261906
54 8.250 20.427227 35.155613 27.737875 35.100967 42.137325
59 12.748 22.666391 25.607536 18.957352 23.624327 28.129326
38 7.695 5.307607 38.722050 32.985050 40.111610 46.621403
37 10.945 4.601081 25.331879 16.730566 22.129950 27.665205
55 8.837 104.463417 40.434135 34.911877 41.485699 47.484894
59 9.171 39.523243 39.978565 34.916416 41.419029 47.230385
54 11.842 59.673607 24.062624 16.666115 21.529652 26.431093
57 9.380 93.246201 40.834808 36.726849 42.920403 48.348751
58 8.561 14.261009 31.367479 23.761515 31.653328 38.977268
46 9.130 9.865720 30.822390 23.754366 30.336868 36.531841
60 8.647 63.290661 31.008348 24.211823 30.182619 35.857986
59 10.780 78.932869 34.151859 29.237116 34.602272 39.460285
60 10.035 94.257416 39.485725 35.938190 40.604980 44.661728
60 10.461 67.667816 30.016287 22.999376 28.509932 33.942463
59 10.423 120.417953 36.761585 31.774931 36.483139 40.858322
57 11.254 100.881592 37.140236 32.809513 37.466537 41.685188
59 10.780 78.913765 34.164463 29.256329 34.604416 39.447807
59 9.417 69.959602 31.835201 24.537573 31.279076 37.737148
59 11.024 38.712727 26.080503 18.628122 23.500507 28.425665
59 10.423 120.417953 36.761589 31.774927 36.483143 40.858315
60 12.618 30.723234 22.840969 14.066901 19.372356 24.934196
47 10.032 34.712029 32.390270 25.916103 30.328876 34.829178
59 8.631 87.610275 35.496918 28.806398 35.026890 40.994709
49 10.091 33.088451 28.395962 20.854874 26.036043 31.287331
59 9.954 62.537014 35.586723 32.522934 36.937698 40.659214
58 9.990 23.200495 26.482544 19.231489 24.618830 29.822414
58 10.809 122.251633 37.753735 32.689999 37.471729 41.930122
56 9.855 92.116875 42.814178 39.325512 43.879383 47.877449
60 10.228 72.829369 37.032341 33.768681 38.127243 41.835728
59 9.560 104.537994 35.041946 30.144772 34.241924 38.081528
53 9.330 113.280502 37.321777 31.904160 36.949348 41.720524
51 7.580 120.273354 43.671104 38.941906 44.754848 50.097221
60 10.035 94.257416 39.485729 35.938190 40.604980 44.661732
58 10.005 47.136040 32.161201 27.416971 32.985981 37.831253
59 9.868 107.071899 35.061115 30.113844 34.133858 37.907333
59 9.484 102.032982 34.924992 30.043440 34.830162 39.215511
46 7.270 99.662811 45.488598 41.023563 46.928669 52.311668
60 10.035 94.257416 39.485725 35.938190 40.604977 44.661728
58 9.923 61.554123 35.440277 31.947437 36.598267 40.543644
60 9.474 76.239647 36.596111 30.938032 36.984310 42.586605
34 8.914 29.567652 44.156654 41.718216 46.393856 50.308746
57 7.867 63.838642 50.423401 47.693638 53.942978 59.318523
58 10.097 79.040901 31.813423 26.792110 31.434155 35.687607
58 10.498 38.377850 30.160831 23.630022 30.540157 36.821274
54 8.881 61.567760 43.601562 39.861038 44.594753 48.883762
58 6.478 73.517708 50.740448 47.690285 54.750031 60.760052
58 10.262 42.975132 32.992256 26.550682 32.255363 37.679417
58 10.097 79.040901 31.813429 26.792112 31.434155 35.687611
48 6.263 43.558086 48.814682 45.404087 52.985188 59.431194
25 3.607 134.531860 75.204185 75.615059 79.882492 83.244339
59 10.562 85.432396 34.778236 30.808039 34.386921 37.657131
51 10.664 72.954781 36.428967 33.411743 36.753510 39.699768
48 7.951 65.915848 45.433655 42.358322 49.565571 55.552418
60 7.834 31.543818 39.343704 33.413227 40.712528 47.390579
60 6.153 74.349838 51.452877 48.823261 56.441719 62.777203
43 4.896 50.213104 59.415993 59.088650 66.209892 71.849007
50 7.275 114.908585 41.457787 36.091244 43.608971 50.347511
60 10.567 85.254341 34.697922 29.446898 34.883923 39.878960
58 10.608 30.781845 31.112875 24.688643 29.992470 35.025955
24 3.169 140.138901 79.044228 80.352188 84.167931 87.050323
47 4.427 108.380539 59.888329 60.027557 67.250710 72.876656
58 10.831 48.021873 26.020971 17.965258 23.823318 29.626476
47 8.371 16.325319 38.788528 32.399433 39.409698 45.912167
58 10.608 30.781845 31.112871 24.688652 29.992476 35.025955
59 8.795 35.462067 34.494461 28.011477 35.919830 43.031166
39 7.549 19.817204 38.470848 32.950954 41.183968 48.403416
58 10.861 38.303352 27.586246 19.510342 25.174366 30.896095
60 9.940 48.297310 27.727230 19.613216 24.671364 29.950426
55 10.935 20.322893 27.011667 20.250288 26.464998 32.139072
59 9.712 57.018185 26.679495 18.731979 24.342438 29.937279
53 9.329 19.756641 27.641317 17.956537 24.787239 31.829271
58 10.300 74.393433 22.544378 14.756387 19.272799 23.915466
59 9.375 27.773977 27.884083 18.697632 25.467266 32.303196
60 11.105 26.877636 32.657425 26.177067 31.758507 37.056904
60 9.434 51.677212 33.977390 27.835224 35.326950 42.059086
58 7.895 27.172266 41.041454 35.946033 43.555733 50.312923
58 10.424 13.189952 24.377657 14.940702 20.743998 26.843430
38 5.741 75.187019 48.564137 44.249428 51.306187 57.590042
60 11.243 38.224209 25.858891 17.883629 23.538809 29.111700
37 9.139 18.085440 45.767929 40.964359 45.920349 50.592602
18 6.079 1.814773 52.208145 49.910286 57.288017 63.374363
58 10.068 24.892836 32.552452 26.170284 31.839821 37.214970
35 7.765 64.044762 39.083969 33.098549 38.223007 43.246426
47 11.062 12.580558 30.415548 24.047016 30.566113 36.548531
57 9.457 17.896568 29.038260 21.105894 28.013720 34.669128
59 7.922 13.658774 40.145718 34.929844 42.936386 49.917862
41 9.389 54.146198 33.963402 28.323076 35.361618 41.665932
57 8.364 31.499712 35.296360 28.621752 35.747757 42.383297
60 10.158 29.472485 31.028051 24.172552 29.995447 35.628696
60 9.623 23.880026 25.940676 17.144331 23.469522 29.809032
58 10.051 38.396091 27.924297 19.481777 25.557066 31.645256
41 9.389 54.146198 33.963398 28.323072 35.361610 41.665928
36 7.693 4.574424 41.505596 36.319740 43.611443 50.143177
52 14.033 6.212062 15.294281 5.717531 9.350259 13.527490
59 9.330 14.228482 28.650459 20.334280 27.027046 33.567291
59 11.303 15.961812 23.263565 14.334753 20.186300 26.118217
41 9.389 54.146198 33.963406 28.323082 35.361618 41.665928
59 11.321 45.563881 32.502762 29.576866 33.179287 36.184658
60 11.105 26.877636 32.657425 26.177065 31.758509 37.056904
60 11.213 25.467041 33.373112 27.172985 32.798061 38.090126
60 10.629 50.243443 24.387083 15.117312 20.990772 27.083712
43 10.028 12.796727 29.800137 21.866325 28.636318 35.174049
59 7.837 62.384861 38.769924 32.353821 39.589172 46.327023
53 11.444 84.950943 38.375988 32.794426 37.425652 41.972309
56 8.452 106.614120 40.609192 34.890255 41.701855 47.946049
58 9.462 32.206982 32.631908 26.300371 32.601353 38.520317
58 12.300 51.823627 33.267509 27.742500 33.701580 39.121754
56 9.344 33.061459 31.638241 24.761099 31.911503 38.508820
60 8.776 108.007965 42.368069 37.324356 41.871563 46.261894
60 9.323 36.508698 38.661472 33.151432 39.528202 45.395191
60 9.230 33.539623 34.722706 28.832569 35.792683 42.065048
22 4.035 2.872515 64.187431 65.522514 72.349541 77.486053
52 8.576 30.342876 32.618343 26.269318 33.485386 39.991066
60 11.476 55.225018 32.729626 29.084726 32.918217 36.287880
22 5.731 1.319441 53.378162 52.273453 60.106274 66.311287
58 10.453 87.421616 38.370228 33.298100 39.467842 45.053432
58 7.798 32.096386 39.797905 33.109573 40.093754 46.745449
50 9.160 60.481411 29.275410 20.385862 27.276033 34.178413
41 6.881 19.540514 44.606930 40.020638 48.174553 55.236221
60 10.782 46.146412 35.286732 30.194063 36.039524 41.335064
56 7.446 29.688185 43.990318 39.546337 45.691216 51.271687
60 9.555 93.976593 41.415615 36.052383 41.325798 46.276138
51 11.289 14.003778 20.044764 9.648510 15.198581 21.177246
36 7.026 7.998517 46.773785 43.552967 50.491035 56.365967
56 8.313 30.402960 32.825008 24.935240 30.856176 36.885864
60 8.318 102.145058 42.764198 37.424229 42.849751 47.995735
60 12.216 17.558033 24.471214 16.326599 21.769032 27.204798
45 11.217 7.503406 24.212996 15.047803 20.879759 26.854452
55 10.899 9.514640 31.847059 25.252522 31.886166 38.014904
48 7.610 91.296112 49.211002 45.407669 50.735249 55.460186
