89 12.398 236.283112 34.123264 29.183937 33.953671 38.356716
73 12.985 373.057190 23.105919 15.371910 20.924173 26.343439
61 8.312 315.007111 43.699322 40.290390 44.912659 48.941418
94 13.196 212.903595 35.838539 32.807919 38.657700 43.460125
77 9.660 234.851608 38.990108 33.880596 39.348209 44.390015
84 10.847 235.720825 35.986763 30.874399 35.929276 40.599243
90 12.606 241.298523 33.715591 28.747213 33.497356 37.863979
94 12.631 202.827942 21.070332 16.234709 18.365063 20.512613
61 8.899 358.726959 40.759785 35.892559 42.890614 49.051346
94 13.196 212.903595 35.838539 32.807919 38.657700 43.460125
80 10.591 235.112091 37.643700 32.594460 37.864407 42.723381
87 11.909 257.698730 30.935755 25.447880 30.843971 35.782631
79 10.553 233.936035 38.290569 33.357010 38.634457 43.485737
71 9.565 263.404144 39.098488 33.398659 38.956432 44.209820
61 8.899 364.474823 40.742241 35.851215 42.845066 49.008163
94 13.196 212.903595 35.838539 32.807919 38.657696 43.460125
91 13.191 252.943680 34.271915 29.707348 34.541229 38.938015
84 12.187 235.513550 35.913288 31.090153 36.127380 40.750961
71 10.043 776.726990 51.491108 49.614391 52.854439 55.565968
84 7.259 358.637726 46.671650 43.039726 49.092995 54.421394
56 8.142 364.809448 50.355598 46.388817 50.905323 55.130432
51 8.350 234.828949 56.054611 54.360687 58.487442 61.968132
68 9.917 777.982300 51.986298 50.242325 53.150433 55.589531
71 10.043 776.726990 51.491108 49.614399 52.854439 55.565968
76 13.094 464.502594 24.721416 17.590145 23.070276 28.317589
76 13.029 198.997879 32.613602 29.602507 33.105045 36.128021
94 8.747 239.171768 40.295925 35.187050 40.962036 46.264309
33 7.745 130.257660 67.788414 68.249153 72.456291 75.669609
73 11.219 228.689209 37.787792 33.383228 38.647121 43.356670
79 12.463 198.925491 39.341133 34.875820 38.938046 42.698753
75 8.673 343.471222 47.512241 44.738998 50.604465 55.580013
78 9.484 243.247437 47.761826 45.319588 50.274998 54.474827
54 4.950 366.784790 63.809280 63.776886 69.817024 74.604538
71 9.819 828.452820 48.983490 47.229328 51.217552 54.520176
91 13.553 433.165710 16.967844 8.351029 11.854057 15.811341
78 8.846 458.272919 46.613522 44.792580 50.361935 54.905067
81 5.790 348.190277 54.457008 52.334438 59.041958 64.661346
55 5.471 298.145996 57.249859 55.806641 63.010551 68.838348
65 7.106 247.351868 47.729626 45.495289 51.952354 57.293251
71 8.000 877.546021 58.473469 57.235466 61.374733 64.729042
65 4.786 397.846283 61.235310 61.220669 68.211487 73.658127
72 4.855 406.012421 60.434982 60.214554 67.329933 72.897377
82 6.387 360.669373 53.299442 50.564323 56.630337 61.862232
75 5.236 318.468750 56.790363 55.572090 63.000431 68.986153
71 12.287 241.076828 35.689693 30.665583 35.350250 39.686932
71 8.080 876.243774 57.510914 55.983551 60.028637 63.365219
72 6.406 350.786102 54.340561 51.980148 57.778469 62.743401
79 6.374 359.562805 54.252502 51.825066 57.765194 62.848763
80 7.265 351.795990 49.794685 46.687202 51.977306 56.622597
55 5.471 298.145996 57.249855 55.806637 63.010551 68.838348
82 8.202 316.607910 43.782188 40.697098 45.328033 49.273239
71 8.054 877.173706 58.413719 57.167706 61.275864 64.609421
82 7.757 353.781525 48.682297 45.528126 50.706150 55.256435
82 7.841 339.706879 48.668491 45.604897 50.669441 55.109047
86 12.318 229.759354 34.919849 29.988089 34.924202 39.485798
63 9.643 111.571068 33.219009 27.357401 33.906822 39.843010
61 8.312 315.007111 43.699322 40.290394 44.912659 48.941418
94 13.196 212.903595 35.838539 32.807915 38.657696 43.460121
74 9.192 228.329773 40.192928 35.110477 40.778576 46.007751
81 10.501 229.197250 36.882786 31.772440 37.019558 41.867825
73 11.967 397.184448 14.452093 6.893623 9.330384 12.130779
93 11.522 783.647766 30.878859 28.340721 30.356932 32.134930
74 13.197 276.018646 29.362169 24.672546 29.669502 34.146965
93 12.457 223.545578 22.566502 14.684990 18.990021 23.565483
94 14.620 374.035583 21.357800 16.855816 20.767431 24.330952
71 11.738 396.995270 14.703199 7.086435 9.568134 12.422109
73 11.328 338.736084 24.369532 16.226484 21.338594 26.569017
93 11.536 780.714966 31.136293 28.725908 30.794680 32.583675
74 13.216 248.399063 30.759783 26.730556 31.604437 35.875309
94 12.660 256.834747 21.389912 13.065695 17.988483 23.075348
94 15.192 225.198853 25.768114 21.136684 24.761250 28.072552
73 11.405 397.702759 14.543104 6.920334 9.406734 12.257984
73 11.273 315.363220 22.050798 16.805189 20.728037 24.381334
87 10.855 782.583984 33.181984 30.633621 32.702324 34.524113
72 13.397 255.162796 31.885324 27.027460 31.801710 36.150818
87 12.675 230.158325 22.552904 14.595613 19.228081 24.068224
79 10.423 778.115417 37.062729 34.639282 36.917049 38.845905
73 11.273 315.363220 22.050802 16.805191 20.728039 24.381338
87 10.397 794.543457 31.610651 27.859232 30.877893 33.630501
72 13.041 236.165634 34.449657 29.676632 34.787952 39.458363
67 5.737 195.216736 52.946415 51.156967 58.860260 65.154724
92 13.108 223.734970 37.458992 33.620972 36.455208 39.080177
92 10.784 782.272949 30.746096 28.288839 30.586973 32.537537
63 10.630 363.761566 34.937042 32.874767 35.408348 37.528866
84 9.475 197.070877 37.614460 33.188850 37.929924 42.237640
71 8.159 183.500229 43.297676 39.530293 45.310181 50.334206
90 12.502 304.744476 21.953665 15.495836 19.165869 22.831524
92 11.379 742.059143 30.313543 27.879999 29.936768 31.693874
84 11.701 330.605347 22.403728 15.493272 19.348692 23.211636
89 10.552 198.609024 33.978119 29.029510 33.789448 38.169922
86 11.263 166.571548 22.701975 13.952709 18.522636 23.434540
87 12.514 230.131287 28.238125 22.167545 26.916544 31.421000
69 9.601 711.451111 54.084938 52.417580 55.924118 58.846527
86 11.403 749.952820 33.033947 31.168676 33.296597 35.028160
92 14.437 134.343307 20.886499 13.835670 17.384090 21.050797
69 13.813 116.602493 28.011539 21.519661 26.076977 30.583727
80 9.965 250.763733 33.144539 26.058447 32.822868 39.251137
87 13.296 426.264801 32.398552 27.844946 33.455235 38.383659
70 8.380 737.851624 57.063271 55.683777 59.678005 62.937592
93 12.341 137.465042 34.906712 29.318953 32.457523 35.707672
78 13.079 221.709030 21.947636 14.683151 19.394371 24.081104
75 8.658 249.745682 34.746937 27.467247 34.771770 41.671684
89 11.372 254.034073 29.901054 22.758219 28.626766 34.345779
80 12.888 424.418793 34.866920 30.415075 36.562698 41.917969
70 10.130 729.150818 53.662464 52.638775 55.996464 58.656570
93 13.344 143.602905 20.579679 13.226182 16.860622 20.640219
78 13.088 252.427887 22.668571 16.003920 20.678730 25.246363
79 8.787 409.855530 44.868454 41.848392 48.605282 54.324905
87 12.588 444.011566 34.414726 29.284943 35.073387 40.277714
72 9.631 436.147186 40.760052 36.408497 43.393631 49.426228
75 12.406 212.655441 22.076389 13.618019 19.112064 24.656612
90 13.332 142.712326 21.152937 13.871438 17.559502 21.379908
86 12.030 165.579224 22.024836 13.935121 18.137142 22.611258
79 11.800 164.159668 22.282398 14.536683 18.592222 22.868673
73 10.502 740.476929 38.634476 36.072433 37.913548 39.534916
75 12.832 328.487793 18.477854 9.918538 13.884870 18.238132
73 13.392 242.242142 30.972034 26.732784 31.937735 36.511990
42 7.495 62.205456 39.657806 33.827747 41.223949 47.926598
94 14.620 374.035583 21.357803 16.855818 20.767431 24.330954
68 10.204 731.587585 41.849789 40.057186 41.741333 43.156002
92 10.720 202.974976 28.494602 21.548185 27.354786 32.887615
93 11.668 172.034668 29.340868 24.386635 29.446140 33.987980
72 11.193 229.816162 23.197687 14.712544 20.076906 25.559914
48 7.129 103.503334 46.319874 42.662876 49.796513 55.987198
81 10.819 334.296875 30.472485 23.368803 29.639669 35.608906
81 10.836 177.501602 24.916384 15.374937 21.736670 28.250446
92 10.720 202.974976 28.494602 21.548182 27.354786 32.887608
93 11.668 172.034668 29.340870 24.386635 29.446144 33.987984
72 11.142 229.506577 23.040707 14.597264 19.883274 25.289724
78 13.057 217.202682 23.709522 16.668331 21.277199 25.773699
88 12.063 320.327332 28.415270 22.043068 27.081959 31.856346
92 11.901 321.083496 27.759008 21.152071 26.040426 30.737917
92 10.720 202.974976 28.494608 21.548182 27.354795 32.887619
83 10.435 175.349350 25.115046 16.381479 22.028494 27.845903
75 11.584 233.332016 20.611538 11.799530 16.821304 22.044535
89 13.332 132.926544 26.264587 20.594339 25.232178 29.529802
90 13.352 320.856995 27.723505 21.719406 26.360332 30.721174
94 10.601 203.983673 28.068960 21.080996 26.769102 32.201031
90 10.661 201.236740 29.104115 22.007261 28.150740 33.991066
75 10.849 169.374649 29.620661 22.994133 28.455751 33.682671
72 10.590 181.273026 29.950216 23.658745 29.140621 34.316177
91 12.616 299.716034 26.475376 20.101439 24.279989 28.369417
94 10.230 174.266434 28.646690 21.326336 27.036320 32.576733
94 10.496 202.454208 28.272789 21.095446 26.992022 32.632500
88 13.457 98.623901 23.054399 16.488441 20.826513 25.074821
41 9.854 407.183350 52.529549 49.914783 52.587246 54.940144
90 12.836 447.404053 17.546459 9.118405 12.175925 15.718821
88 12.973 151.864716 28.846779 22.625797 27.386719 32.006290
50 10.378 32.878788 25.136179 16.222748 22.229160 28.370129
81 9.318 137.464935 29.911919 22.713774 28.673645 34.432198
78 12.758 185.376053 33.566204 28.337355 33.811272 38.811523
94 13.074 149.588272 23.727903 16.466805 20.425213 24.535107
65 9.216 155.636047 35.915443 31.824490 35.655281 39.195366
88 10.737 163.917740 33.277287 27.797956 32.374649 36.669319
66 8.782 178.471603 32.855740 25.492634 31.212107 36.982403
73 12.979 184.692734 34.625004 29.909769 35.361088 40.232193
77 10.721 107.230392 25.140593 15.413656 21.881411 28.578794
26 4.498 35.574497 63.383324 62.102421 67.356903 71.729218
89 13.138 203.973740 19.365154 10.120711 14.691653 19.688555
25 2.997 339.543304 81.783760 81.945358 85.280159 87.876923
88 12.518 117.706894 24.566902 16.218397 21.566437 27.056557
76 13.138 185.879059 23.076763 16.391304 20.254410 24.175980
92 13.757 136.073456 21.027021 13.235130 16.921553 20.864578
91 14.821 127.399864 13.910307 6.012903 8.575421 11.689746
48 11.590 40.980392 28.093809 23.199013 28.117525 32.510132
78 9.282 147.599655 33.222172 25.927999 32.164944 38.243965
94 12.409 156.564621 20.816162 11.914910 16.144245 20.803574
92 13.293 139.438339 20.688349 12.489017 16.156889 20.186548
72 10.791 192.043488 40.778057 36.819962 41.610291 45.862022
81 10.471 223.414520 38.523697 34.385559 39.758148 44.477558
62 8.333 161.833511 31.866291 26.838505 31.861912 36.355789
88 13.003 187.369934 28.762526 22.656570 27.939709 32.931961
84 13.591 196.869705 21.542379 13.977064 17.774820 21.806562
91 13.626 163.999802 22.301359 15.152514 18.890230 22.768963
89 10.403 197.736450 28.383547 21.151833 27.256365 33.068447
90 11.187 198.110046 26.033762 18.295517 23.803442 29.247095
60 12.089 57.767727 23.765133 17.227549 22.082617 26.647123
43 6.700 101.291656 48.777016 46.236423 53.587635 59.714878
71 9.985 337.008911 37.607964 32.387711 38.857788 44.603088
76 10.014 174.789139 29.006996 21.174591 26.552078 32.012474
85 10.968 265.642822 41.517387 38.241268 44.582043 49.923485
92 13.762 187.744431 31.455500 26.839531 31.592049 35.904167
72 12.030 171.388123 33.931873 27.714914 34.095737 40.050827
92 12.983 174.118393 22.267319 13.955686 19.091177 24.356365
57 9.097 158.006134 45.684803 42.501534 48.010185 52.721901
70 11.305 606.183899 20.854445 12.516060 16.852644 21.440865
88 12.768 209.592651 33.327263 27.502775 32.775467 37.794609
92 13.762 187.744431 31.455500 26.839533 31.592049 35.904167
74 12.028 172.344925 33.751648 27.531786 33.766911 39.598095
92 12.983 174.118393 22.267319 13.955685 19.091177 24.356363
60 9.023 160.872437 45.192768 41.770973 47.409439 52.274529
83 10.579 208.994293 35.664833 29.773911 35.354393 40.632019
85 10.013 212.067352 35.571960 29.884737 35.558628 40.847134
83 13.089 183.464081 41.972382 39.615696 44.570496 48.709068
62 9.720 97.157074 33.532772 29.555000 34.553345 38.849377
85 12.824 161.250580 21.268362 12.855926 17.841818 22.965076
69 10.553 605.680298 20.097549 12.012712 15.894443 20.025942
90 11.056 218.531403 33.493591 28.042231 33.566067 38.654259
84 10.675 192.658463 39.545055 35.362343 40.911194 45.803947
66 12.667 140.412216 27.533838 20.870434 25.562494 30.179697
90 11.958 218.191345 30.495556 24.600323 29.838346 34.829689
87 12.561 218.521118 29.317223 23.314535 28.589314 33.507374
92 13.099 191.167206 35.034554 31.414240 36.034618 40.071976
89 11.747 192.994125 37.145782 32.954781 38.222828 42.887577
83 13.555 437.116180 25.695150 20.452885 25.139746 29.459232
79 11.527 436.560486 27.127232 22.323114 27.059969 31.372278
86 13.264 184.428223 27.345499 21.739832 26.971615 31.730202
94 12.122 123.010796 28.283983 20.899343 26.966478 32.870846
77 12.736 149.361847 37.155815 33.895714 38.847897 43.096661
78 13.775 436.843842 26.966146 21.543165 26.539120 31.150967
79 13.961 434.018555 26.233133 20.584883 25.278852 29.725248
92 10.757 172.545120 24.371290 15.554125 21.951641 28.269699
89 13.248 184.207245 21.815371 13.430044 18.078377 22.984173
94 12.122 123.010796 28.283987 20.899343 26.966478 32.870850
84 12.479 436.351471 24.965464 19.418758 23.924480 28.205050
84 14.274 436.435822 24.907450 19.422720 23.878880 28.107733
82 10.118 145.786011 30.730539 23.807144 30.088253 36.042484
93 12.177 177.235916 28.625635 22.378286 27.564503 32.400551
76 11.958 240.718460 26.018316 18.386948 22.975592 27.698828
91 14.052 391.963043 26.843842 24.207075 26.466396 28.412275
69 12.851 383.951080 41.468178 39.468483 41.541817 43.375492
87 10.503 186.876434 30.707947 24.494390 30.556313 36.160885
94 13.045 112.006874 27.384911 21.440506 26.508919 31.280626
92 12.644 148.703430 27.196959 20.843815 24.880135 28.909409
69 10.236 140.144821 32.738720 26.749187 31.778179 36.643566
82 10.886 425.421326 21.847054 14.064190 18.300108 22.712931
94 13.554 151.380188 24.012999 17.159544 22.985250 28.459780
90 15.066 179.367096 13.346854 4.312008 7.218896 10.686337
74 13.008 67.425423 20.496075 13.120563 17.563837 22.150269
91 14.380 455.470459 17.848598 10.001369 13.816050 17.869867
94 13.117 239.541000 28.744608 22.711901 27.552555 32.202602
94 11.602 138.175949 28.968838 22.766703 27.820444 32.628468
62 10.674 441.883240 23.544575 14.769040 20.100676 25.626831
69 11.488 444.130646 21.058287 12.998613 17.611685 22.383661
80 10.687 267.636078 41.173157 36.899990 43.561840 49.416946
92 13.762 187.744431 31.455503 26.839533 31.592049 35.904163
68 10.714 116.256020 38.694984 33.666039 40.427998 46.477123
92 13.094 159.216660 19.417980 10.106072 15.218466 20.640366
75 11.956 121.326035 30.490427 24.100346 28.176325 32.282089
89 13.691 452.937866 18.105774 10.099394 13.836539 17.829576
89 12.029 239.260269 33.002113 27.760380 32.919292 37.662540
91 12.526 239.881119 32.298363 27.102396 32.160244 36.813358
81 14.733 201.506561 35.713249 31.505116 34.226105 36.798817
92 14.479 200.785339 34.318573 30.096882 33.586514 36.785461
76 11.852 198.709259 40.746464 36.231441 40.444214 44.352055
73 6.093 322.955902 51.343651 48.371235 55.180721 61.027737
81 6.509 234.554932 48.451412 45.305313 52.334194 58.323929
90 9.406 239.162674 40.699997 37.152901 44.377720 50.425983
82 8.223 376.900879 48.453552 46.237934 51.831425 56.478729
84 11.371 247.904816 36.312073 31.643393 37.143791 42.070171
73 12.827 281.928772 31.884806 26.310677 31.527100 36.403793
73 12.827 281.928772 31.884806 26.310680 31.527103 36.403793
73 12.827 281.928772 31.884809 26.310680 31.527103 36.403786
71 9.605 353.407227 41.734707 38.429188 43.443855 47.728706
64 9.490 227.559860 43.822132 40.373386 46.140545 51.087494
90 13.158 176.016602 17.006731 7.754226 11.671673 16.050198
84 8.466 419.186279 50.665741 48.314461 54.569511 59.812389
75 5.653 407.163818 55.970112 53.816307 60.427990 65.986359
60 6.290 386.338165 53.545570 51.844448 58.571041 64.073540
73 12.827 281.928772 31.884813 26.310677 31.527100 36.403790
91 10.918 252.719620 27.425020 20.729540 25.405960 29.964317
88 10.840 252.595810 28.038286 21.437450 26.240528 30.887407
70 9.174 393.042389 46.105328 42.479431 45.695381 48.718884
55 8.980 313.621796 41.224251 36.589943 41.115124 45.326656
93 8.464 279.471497 42.045212 37.130947 43.275211 48.844471
84 6.252 452.270752 52.747570 50.538387 57.231304 62.811169
90 13.978 142.973770 22.639395 15.692592 20.583452 25.399763
92 13.403 197.099213 25.521503 19.241804 23.709362 27.987463
84 8.700 226.610016 39.997612 36.856781 42.001961 46.313141
92 10.948 252.999146 27.203213 20.494007 25.130093 29.653858
94 13.653 220.630722 33.927956 30.674561 36.972675 42.137093
94 13.653 220.630722 33.927956 30.674570 36.972672 42.137096
94 13.658 221.014862 33.410786 29.989267 36.312984 41.528622
48 7.788 115.612457 47.281696 43.409378 48.958714 53.854404
32 8.560 82.819344 69.375412 70.283096 73.358421 75.591530
69 11.276 609.616089 29.407923 22.369532 27.682869 32.877605
71 8.347 753.934204 56.649780 55.366333 59.269402 62.419006
71 8.347 753.934204 56.649780 55.366333 59.269394 62.419022
71 8.088 756.184814 57.200478 55.766228 59.866535 63.229553
93 13.558 218.483994 34.438137 31.293892 37.658028 42.858082
79 10.023 255.257858 38.422146 33.485756 39.363880 44.665653
82 11.415 265.214539 36.777061 31.897573 37.371258 42.343834
93 13.365 262.138153 32.721584 28.080778 33.070076 37.576069
92 14.767 200.084122 34.188873 30.097248 33.598927 36.810333
64 9.813 166.795410 49.073654 48.188698 53.355251 57.453030
84 11.091 173.230942 29.256491 22.954935 29.005461 34.586021
71 7.103 225.210907 46.521969 44.000950 51.708508 58.005493
74 7.603 236.175980 45.772655 41.965473 48.177456 53.622902
85 8.714 197.820908 43.020771 39.133499 44.783562 49.699036
74 9.046 256.733826 40.425713 35.607410 41.604103 47.016003
84 10.851 238.825058 34.818481 29.452169 34.910542 39.926342
87 11.905 239.280884 33.668182 28.395655 33.676105 38.530209
83 13.217 208.751785 31.472679 25.742743 31.004513 35.949524
81 14.018 208.300842 35.743267 31.543131 34.721756 37.675457
81 12.983 199.470413 38.442951 34.113880 38.087341 41.746403
78 8.729 229.073761 44.679840 40.594891 45.917946 50.697773
76 6.391 233.710815 50.275524 47.686775 54.744423 60.661449
85 8.345 221.523224 45.356903 42.363613 48.742359 54.111759
87 8.803 355.414337 45.509510 42.627819 48.683109 53.791595
79 9.901 231.214447 36.597881 31.314274 37.122665 42.409122
73 11.395 339.722321 19.787273 11.293799 15.356985 19.815699
74 11.295 344.717926 22.176781 13.624667 18.642736 23.884760
74 11.117 406.158844 15.573478 6.817999 9.793874 13.320777
87 10.465 792.394958 33.031727 29.964659 32.314903 34.426392
88 14.317 233.939545 31.062162 26.311415 31.472506 36.092640
92 12.094 191.318619 34.585995 29.874060 33.931553 37.740250
75 11.455 203.438583 33.243145 27.653851 32.866776 37.701473
84 11.289 532.067017 39.429234 35.303551 41.334114 46.582024
87 12.683 530.869995 38.236969 34.383972 40.256001 45.326454
71 11.968 320.970276 14.217179 6.204448 8.501563 11.286858
72 11.534 397.590363 14.482983 7.250654 9.419612 11.882830
69 11.609 397.297974 14.769813 7.609458 9.832929 12.329350
86 10.916 785.379700 34.781853 32.220219 34.136932 35.839516
70 13.358 210.878555 29.752493 24.025341 28.351223 32.495144
71 10.282 177.677750 39.035061 35.902340 40.233101 43.948284
87 11.525 369.929474 39.006035 35.378536 38.600712 41.548676
88 12.793 528.584167 37.338226 33.996178 39.703201 44.531521
80 12.202 526.692017 40.706524 37.455284 43.763466 49.081837
86 10.699 370.499573 33.920822 29.261486 34.467094 39.128124
73 12.227 321.044128 14.071735 6.015002 8.282892 11.050948
71 13.824 247.698044 30.686665 25.739677 30.097212 34.132610
71 13.797 247.744843 30.802071 25.884226 30.251451 34.283112
73 12.148 184.045914 30.929369 26.849834 30.659136 34.089016
63 9.195 195.818512 36.590294 31.021000 36.106125 40.896523
90 11.899 383.191437 27.397652 20.927906 24.405069 27.994043
73 7.921 538.848816 54.800045 53.502426 58.176933 61.969620
81 10.088 422.289032 36.794399 31.172676 36.415218 41.335564
80 12.365 419.834625 34.137211 28.974951 33.213108 37.242306
81 12.322 420.302002 34.557373 29.509527 33.775276 37.810501
69 13.594 237.563644 29.852945 24.607464 28.998772 33.110592
91 12.808 192.775146 35.451893 31.525562 34.687534 37.574650
92 12.929 192.922882 35.094185 31.166079 34.297176 37.153831
85 12.760 223.717773 22.802273 15.020300 19.617590 24.386236
92 12.929 192.922882 35.094189 31.166082 34.297176 37.153831
92 11.399 776.936340 29.784330 27.332817 29.614029 31.543829
88 11.405 773.328857 31.206327 29.130297 31.333986 33.152348
65 5.337 243.716614 60.343906 58.950413 64.997581 69.957146
65 5.337 243.716614 60.343880 58.950382 64.997543 69.957100
62 6.388 287.778229 51.593037 48.442825 55.179939 60.951504
86 12.247 192.070938 37.328476 33.435287 36.760254 39.800236
92 14.316 355.424835 21.931189 17.748590 21.650202 25.175726
92 14.328 332.432434 21.157330 16.683035 20.536745 24.077547
84 14.271 223.541595 25.201349 21.331907 24.999578 28.236994
92 10.635 780.752197 32.415527 30.235071 31.934711 33.394920
87 13.551 185.189484 24.496571 17.795504 21.531672 25.394974
87 15.759 194.784622 21.793211 16.148680 20.030434 23.707197
78 13.151 244.501144 22.302082 14.698851 19.379753 24.133595
78 13.151 244.501144 22.302080 14.698850 19.379751 24.133593
68 12.946 461.894653 27.460405 21.390263 26.067907 30.550447
92 14.327 370.668945 22.281914 18.154224 22.041462 25.545673
71 11.499 400.795197 14.960248 7.933654 10.212860 12.712754
73 11.401 405.940918 15.171962 7.809271 10.252770 12.975055
74 11.117 406.158844 15.573477 6.817999 9.793875 13.320779
92 10.971 793.496399 30.963364 27.919237 30.244583 32.337685
87 14.278 233.755386 31.330320 26.622509 31.840462 36.503147
80 15.943 195.729630 23.424194 18.059687 22.213421 26.060577
70 7.702 521.881592 46.394810 42.984623 50.311455 56.516899
80 11.219 526.219299 41.127312 37.355499 43.697475 49.153725
89 13.595 526.517578 37.292797 33.657131 39.376842 44.300079
66 11.793 320.554260 14.560909 6.748825 9.058990 11.802933
58 12.738 63.347519 17.601452 8.290512 12.462899 17.087023
55 7.390 63.665348 51.324745 48.783577 54.442249 59.273140
92 12.149 161.501755 27.753590 20.907280 26.182703 31.314541
90 10.736 196.305176 29.025873 21.918163 28.052835 33.883236
76 9.186 165.338150 28.867933 20.026979 26.862402 33.709709
83 11.284 119.374825 33.291916 27.816662 33.931393 39.447803
72 11.556 160.874161 30.217525 22.982765 29.319326 35.411003
79 13.011 420.967560 18.256001 10.296535 13.419254 16.878845
72 10.633 195.393692 41.307461 37.354904 42.212761 46.502232
63 7.098 75.838432 49.126759 46.428661 51.898949 56.599171
92 10.913 187.854263 27.770252 20.745861 26.812302 32.516853
92 10.913 187.854263 27.770250 20.745861 26.812302 32.516857
91 10.941 205.583801 28.568949 22.298252 28.014885 33.287388
73 11.619 239.227295 21.653467 12.621924 17.828089 23.280783
84 12.479 172.268234 25.305658 18.933710 24.661747 29.959167
73 12.323 434.859009 20.617163 12.505337 16.331228 20.444311
26 6.678 14.701855 35.165771 28.200987 36.565105 44.230282
78 8.207 274.302460 45.853252 42.821556 48.931721 54.178429
84 9.173 201.646027 40.049274 35.322830 41.235481 46.572182
92 10.913 187.854263 27.770252 20.745861 26.812302 32.516853
45 5.474 162.404694 60.017509 58.672657 64.643425 69.621552
45 5.474 162.404694 60.017509 58.672646 64.643433 69.621567
45 6.274 162.247192 58.523037 57.063732 62.823231 67.608719
88 11.807 158.602722 39.227474 35.729092 39.904198 43.556091
92 12.984 423.502533 17.725832 9.321127 12.432508 16.026922
63 10.609 198.695099 38.237469 33.272808 38.280842 42.913685
89 15.725 133.773819 17.024990 9.099060 13.119611 17.380682
82 9.627 199.300034 41.810101 37.268147 43.199543 48.500778
62 8.906 204.830521 31.612690 24.119747 30.880615 37.322540
71 11.439 89.994469 26.768217 20.198055 24.999607 29.618177
75 10.163 172.613098 37.566048 31.762259 37.464989 42.890877
78 10.568 176.365280 35.699657 29.404131 34.738888 39.967358
94 12.257 446.691925 23.534588 15.109529 20.072180 25.190310
89 14.675 275.593658 23.646698 17.960215 21.488230 24.857464
88 14.382 174.856323 13.209293 4.149965 6.523598 9.575289
92 12.021 136.390305 25.057962 17.420351 22.737610 28.026217
26 5.651 37.809868 50.621201 49.577347 57.711063 64.134308
90 13.494 133.345428 14.811811 6.562330 10.315028 14.371726
87 12.861 186.370178 29.302080 23.249472 28.473768 33.421165
42 9.127 80.955589 35.977509 29.074076 35.296425 41.329380
87 12.378 310.946838 27.923342 21.633295 26.307301 30.753626
63 10.322 64.487724 45.781414 42.707260 47.699665 52.031715
57 11.075 65.401237 40.466541 37.471298 42.646469 47.050976
92 10.001 193.710556 28.892965 22.006220 27.948589 33.547607
88 9.817 128.873520 28.739494 21.670582 27.050428 32.314865
68 11.614 113.656441 32.039059 26.988461 33.551792 39.271931
84 9.933 172.125946 36.579937 31.808733 37.724903 42.992977
91 13.009 423.196259 17.755354 9.442180 12.592420 16.165949
79 13.858 184.105698 38.940239 34.420326 38.015015 41.393143
80 11.803 114.411499 23.512199 15.226680 20.094002 25.148701
63 8.990 64.526527 46.128014 42.787632 47.808113 52.211853
60 8.833 64.269943 47.854919 44.808060 50.044621 54.584248
50 7.967 58.287476 48.136696 44.024078 49.268696 54.009109
92 10.155 194.783417 28.716864 21.495516 27.509583 33.244583
81 9.530 165.700562 27.564724 18.762707 25.199251 31.686050
84 12.600 97.932526 25.469322 18.954842 24.350719 29.392782
77 12.869 93.062752 29.006823 22.878040 28.144455 33.062016
84 13.158 421.491028 17.878908 9.788063 12.870577 16.329679
75 12.555 110.171532 33.644028 28.533672 31.174713 33.893517
87 11.585 182.556274 27.925627 20.679670 26.057379 31.296745
93 13.570 131.027267 19.471306 11.999537 15.703331 19.575272
88 11.477 191.931839 37.258751 33.765991 38.361679 42.376907
92 11.906 191.379898 36.104042 32.050995 36.897335 41.204033
84 10.833 141.372391 32.688393 27.756464 33.260906 38.180912
83 14.122 397.393860 27.062998 22.139526 26.834455 31.109060
79 14.692 349.133972 28.767250 25.292179 28.153820 30.646559
92 13.965 162.128540 22.697281 15.505802 21.506069 27.155066
94 11.715 134.206390 28.678051 21.866720 26.802402 31.689747
75 12.189 413.007538 32.780163 30.074118 32.584263 34.835373
93 13.570 131.027267 19.471304 11.999534 15.703330 19.575274
92 14.200 185.525696 38.644825 36.169743 40.505421 44.160500
92 14.200 185.525696 38.644825 36.169735 40.505421 44.160496
83 13.172 184.509094 42.940388 40.561317 45.305309 49.288136
85 9.395 205.011993 34.850735 28.892099 34.277935 39.363445
77 11.490 398.577026 28.970608 24.409628 29.339270 33.750149
94 10.227 189.933990 27.154612 19.168200 25.829323 32.230705
76 11.850 172.896362 30.792120 24.122986 28.186487 32.397900
69 10.759 156.875717 30.505590 24.020399 28.224987 32.511063
77 13.779 69.697701 20.728804 13.411017 18.381674 23.209742
92 14.200 185.525696 38.644821 36.169735 40.505421 44.160496
46 9.089 57.973522 29.649717 22.000792 27.826530 33.560101
49 9.470 58.223282 28.024689 20.461790 26.039330 31.527920
62 9.356 59.848068 24.310175 15.568133 21.343155 27.214127
90 11.908 243.850433 30.225695 24.285553 29.785143 34.972141
85 12.320 131.439163 30.106758 24.705191 30.434740 35.567936
33 4.382 182.912979 68.371284 68.211044 73.562172 77.784538
82 11.009 252.007339 30.579601 23.995625 29.765985 35.210968
82 11.009 252.007339 30.579601 23.995628 29.765987 35.210968
94 13.323 237.963211 29.125469 23.464005 27.846321 32.091480
41 9.139 60.770695 31.455248 23.693222 31.102238 38.125862
90 12.947 166.954437 21.621283 13.039294 18.476204 23.986551
90 12.947 166.954437 21.621284 13.039293 18.476208 23.986551
83 12.637 160.343185 21.543495 13.090552 18.420330 23.809891
74 10.377 570.431335 39.455822 37.819981 40.172192 42.135242
92 11.931 113.108009 25.406542 18.553387 23.957994 29.149097
94 12.078 114.991600 28.034512 20.190823 26.598867 32.872734
90 13.966 347.897034 25.475470 22.474342 24.940784 27.097618
82 11.445 381.593262 22.981386 14.631799 18.975914 23.679636
88 11.910 182.806992 27.936949 20.222031 25.924658 31.636162
90 13.142 168.020187 20.837154 12.287787 17.336893 22.538042
76 12.224 32.904270 24.739750 16.706772 22.563696 28.382605
85 13.137 75.389709 18.865026 10.305713 13.768934 17.713215
81 12.403 38.307831 23.164787 15.146712 20.746675 26.346388
92 13.757 188.199539 38.569103 35.619415 40.184010 44.087822
67 13.388 346.738007 38.342457 35.338749 38.192196 40.756954
84 12.400 392.949097 25.919571 20.396265 25.024105 29.384550
92 13.351 163.351517 25.439072 19.295597 25.321636 30.845425
92 13.609 167.939362 24.916807 18.354303 24.526163 30.224241
62 11.725 448.117065 22.686626 14.403803 19.244677 24.248163
82 12.710 77.211266 20.337759 11.188438 15.126524 19.662338
86 13.741 154.527634 19.690218 12.217489 15.858572 19.629538
85 10.044 195.333527 39.277863 36.530384 41.671997 45.965385
92 12.641 191.231689 36.944714 33.208797 37.967880 42.158352
89 12.439 189.352814 40.095760 37.017189 41.660946 45.651897
78 13.960 396.398773 28.359272 23.285624 28.336113 32.933002
84 14.515 349.305176 27.038330 23.646969 26.354904 28.717007
92 11.966 134.003067 28.784534 22.190035 27.125244 31.983292
92 12.206 136.608643 27.933092 21.299961 26.321072 31.237560
69 12.039 412.084747 36.374714 33.629707 36.131550 38.390629
86 13.741 154.527634 19.690216 12.217491 15.858570 19.629541
