77 12.077 98.744293 29.805372 24.909389 30.204561 34.864632
77 12.058 126.461136 28.761517 21.759258 27.690838 33.370338
38 5.307 250.256424 66.675690 65.536163 69.930397 73.594124
63 8.473 190.385193 52.049503 50.172653 56.054462 60.869835
72 9.470 196.187042 43.949932 41.121460 47.081181 52.046860
77 7.950 215.878571 40.265594 35.766567 43.457878 50.111713
76 12.482 128.281281 26.704840 19.732487 24.932238 29.995859
63 11.470 179.174545 33.872734 28.903360 35.091843 40.586891
36 7.137 157.684967 49.225368 46.319798 51.832127 56.609249
74 10.730 111.988380 30.533424 23.785509 29.500261 35.028282
71 12.715 291.742676 38.805569 35.455811 39.578178 43.212101
74 12.308 185.745178 30.088898 24.841543 29.877953 34.421619
59 10.811 111.266869 33.227985 28.556993 33.543129 37.952114
35 6.168 77.838905 52.547451 49.971516 56.203934 61.608139
77 10.957 136.592819 25.306198 17.059992 23.487328 29.709282
69 12.431 116.160118 22.520458 14.712596 18.668554 22.867064
74 12.481 174.168121 32.990971 28.178200 32.875023 37.085487
75 12.047 141.576141 28.230885 21.308287 26.755220 32.023083
71 8.428 138.690262 35.759937 29.478739 36.893646 43.695889
77 7.813 229.144135 40.697830 36.552124 44.333847 50.955910
63 9.824 268.937256 32.060982 26.149220 31.675121 36.894115
63 11.182 153.972656 35.900219 32.822216 37.574814 41.668922
72 12.509 130.748352 32.495270 27.720982 30.967613 34.192394
75 13.862 129.666733 31.544603 26.794939 29.712605 32.685535
77 8.032 203.773132 38.401783 33.268253 41.162624 48.079788
72 11.966 133.675858 29.163862 22.707436 28.151430 33.375584
38 5.646 244.148773 63.455883 61.420582 65.961693 69.897240
51 8.698 166.061707 52.625359 51.578938 56.924652 61.135559
62 9.391 175.295761 42.952030 40.530956 46.246696 50.942978
67 9.936 130.411285 28.265051 20.257450 27.575680 34.477535
70 8.043 195.743011 38.722118 33.802303 41.563301 48.328827
72 11.630 122.964821 22.976406 14.334347 19.017616 23.983999
38 5.307 250.256424 66.675697 65.536163 69.930397 73.594124
58 8.790 185.824371 51.839577 50.282291 55.815643 60.295696
69 9.685 130.739624 31.343924 24.430456 31.210756 37.543884
74 9.588 204.366425 38.688904 35.246761 41.667561 47.052895
70 11.733 168.134247 31.905998 26.976496 32.016712 36.543198
72 11.788 121.967178 25.555382 19.200199 23.777580 28.238258
70 11.846 325.086365 40.708965 37.702045 42.630024 46.793812
57 12.050 37.860798 25.483747 17.918228 22.833479 27.782694
28 3.463 202.237946 74.845985 75.784691 79.779655 82.865669
72 9.152 146.005569 33.992683 27.025501 33.549576 39.796570
68 13.124 128.666046 27.178078 21.624767 25.994629 30.133272
72 13.207 315.807739 41.907185 38.851616 43.121052 46.833145
66 8.665 165.836334 42.622993 38.174274 43.192043 47.778793
66 8.701 242.925781 48.905495 47.297665 52.638805 56.949696
26 3.674 107.478874 74.763123 75.054947 79.344437 82.737114
70 12.641 120.098129 37.108433 33.716587 38.963242 43.455971
72 12.485 319.194183 44.478031 42.005089 45.725086 48.942471
67 13.492 316.707733 44.678272 41.851070 46.373493 50.274773
76 10.481 104.669342 30.831961 23.200573 29.435059 35.512764
72 12.754 101.203781 34.956112 30.431383 35.300091 39.764156
63 11.267 131.004105 19.694859 11.754591 15.797898 20.058241
40 7.328 141.290558 50.942604 47.773792 52.957184 57.509624
64 8.784 238.241684 51.247139 49.740982 55.492622 60.141838
64 9.359 143.294922 38.021515 33.212345 40.742722 47.304695
62 9.534 152.256104 48.092724 44.861637 49.840385 54.180691
68 11.872 102.549278 22.922989 15.845353 20.311920 24.697113
69 11.194 415.119202 25.312572 17.602287 21.871986 26.353035
56 11.489 312.018921 45.566013 42.906898 47.828632 52.013268
62 12.533 125.708611 30.454540 24.634604 29.399094 33.895794
77 13.777 132.070557 28.366058 24.183214 27.501513 30.560734
69 11.894 324.523773 41.069679 38.209236 43.082119 47.172039
45 7.892 116.635330 47.555149 45.650517 50.489014 54.471142
39 10.612 19.645184 31.136662 24.235180 30.936588 37.124462
61 10.151 76.719048 39.572578 35.133499 40.120327 44.607388
70 12.032 167.558487 30.068405 25.265661 29.895685 34.020691
77 13.129 122.268311 28.944847 24.891682 28.758503 32.173950
70 11.895 323.487122 40.399101 37.305073 42.323475 46.560051
77 13.504 84.577354 18.413610 10.510003 14.276946 18.307474
32 5.809 203.979767 66.759506 66.682137 70.265236 73.108261
63 9.761 86.912399 36.081722 31.526289 37.834919 43.344017
71 11.152 227.817642 32.026314 24.847372 30.924677 36.854958
58 8.765 200.810699 35.255455 27.865824 34.862663 41.595245
44 5.850 91.746552 56.783852 55.296513 60.487240 64.867424
53 10.376 72.970230 29.059038 24.413265 28.331001 31.846947
64 10.604 145.412506 38.671383 34.970749 40.672241 45.636242
69 10.531 147.953415 40.046688 36.727669 42.561562 47.584454
69 8.940 149.456711 41.342403 37.309921 43.585999 49.108738
73 11.402 209.956345 39.431339 35.741066 39.534195 42.998013
40 3.469 268.208435 77.674942 78.523766 82.498047 85.538803
70 12.394 131.819489 29.576534 23.579590 28.001902 32.307808
75 12.667 149.482193 32.441494 27.540813 32.302879 36.668407
77 12.237 151.133347 35.386383 31.277046 36.418743 40.977173
48 9.524 203.776474 45.879913 43.830536 47.720257 51.007004
75 10.340 96.703247 36.020248 31.118481 36.529068 41.450649
36 6.921 240.504486 53.684834 51.295662 56.292412 60.633572
75 12.128 150.024292 27.341162 20.594246 25.244658 29.795534
70 11.881 168.055206 35.362385 30.444082 36.253681 41.464020
67 12.079 147.880493 33.929455 29.261871 34.350365 38.945194
70 11.549 74.409363 27.957870 22.107971 27.427837 32.321930
69 13.303 184.128983 41.911320 39.348900 43.290501 46.639450
29 6.723 36.476715 56.198235 54.509155 59.187660 63.066448
47 9.092 80.272903 55.858986 55.017883 58.779613 61.843372
47 9.272 52.783203 42.571236 38.711437 43.695110 48.067856
52 9.618 53.322754 37.581764 33.384693 38.508789 43.032188
69 9.237 201.820374 36.296852 30.313335 35.908852 41.209339
70 11.106 169.811325 35.378975 30.587601 35.998230 40.943710
44 5.850 91.746552 56.783848 55.296513 60.487232 64.867409
59 10.477 232.099258 51.831947 51.781876 56.153446 59.497108
70 10.663 260.731049 46.537952 45.818687 50.243126 53.680218
57 6.449 146.099426 47.737644 44.482471 51.485725 57.521198
75 10.976 204.023987 33.271713 27.374401 32.460686 37.293537
70 9.823 158.437729 32.495770 25.396526 32.555103 39.235882
40 3.469 256.067078 77.745041 78.628441 82.590012 85.618134
48 10.382 72.479202 33.727802 29.568031 33.251328 36.582642
59 9.162 144.923553 41.608467 37.898762 44.059078 49.428516
64 9.221 147.464462 42.751686 39.383549 45.645912 51.052521
76 12.185 195.410065 41.273712 37.676922 42.868713 47.407169
67 12.185 155.557190 43.787014 40.611439 45.556847 49.755413
73 11.523 88.169052 24.198608 17.478516 21.565987 25.652199
70 11.695 83.090172 29.459644 23.609671 28.558277 33.172588
40 6.171 173.742844 65.197586 63.533001 67.341904 70.565453
40 6.902 136.809540 51.564148 47.946175 53.693848 58.783913
71 12.492 199.416397 41.454216 38.138340 43.203564 47.575562
68 9.547 193.808273 36.453663 31.184875 36.294346 40.995308
56 11.291 80.453995 39.559017 36.275555 41.759987 46.400364
75 11.599 104.863029 26.387075 20.659010 25.008654 29.106840
34 4.661 172.791367 73.303436 72.627731 76.372879 79.447426
74 13.234 126.523071 31.808064 26.932327 31.294569 35.312408
71 12.265 278.852020 46.036022 43.798645 47.235241 50.124149
60 8.480 187.532944 41.212868 36.635128 42.799389 48.302143
59 10.005 93.636467 46.343094 42.807236 47.788609 52.273174
51 8.924 57.935768 32.523327 25.054087 32.204407 39.002728
59 10.684 165.472137 27.329124 20.138407 25.779844 31.154400
38 6.323 92.014740 43.496937 39.499249 46.360016 52.326538
61 8.764 49.530312 37.973892 31.396425 37.823677 43.980312
64 7.955 153.843201 48.950954 45.418430 51.300247 56.426327
74 13.437 73.095276 29.554140 24.524897 29.703533 34.451439
73 10.355 124.472374 35.105232 30.721951 35.112286 39.000095
48 7.899 201.794769 56.169300 53.879501 57.474777 60.620361
75 9.541 95.860191 40.599812 36.024567 41.373550 46.219906
62 10.665 227.457672 28.075516 20.698498 26.556429 32.193394
69 12.373 180.902557 25.299915 18.300898 22.129566 26.053152
75 10.467 161.859558 28.000319 21.098333 25.896557 30.576729
55 11.371 109.246338 44.355316 40.402016 44.696259 48.596130
40 6.171 173.742844 65.197586 63.533001 67.341904 70.565445
40 6.902 136.809540 51.564148 47.946159 53.693859 58.783916
76 12.185 195.410065 41.273712 37.676926 42.868713 47.407177
69 12.387 180.777695 24.375460 17.457674 21.522306 25.570738
73 10.227 124.459114 28.866274 22.511707 27.057306 31.401829
70 11.669 80.178513 31.407669 25.816326 30.759783 35.382710
40 6.171 173.742844 65.197586 63.533001 67.341904 70.565453
40 6.902 136.809540 51.564148 47.946167 53.693867 58.783913
65 7.908 191.868774 39.839417 35.418861 42.914383 49.405518
77 12.578 128.423828 26.496525 19.507942 24.647730 29.662893
61 8.791 123.451233 36.068893 30.946115 37.076992 42.570839
73 8.798 149.250015 36.549110 31.394278 39.299385 46.160393
77 8.032 203.773102 38.401791 33.268246 41.162632 48.079788
70 8.109 197.055374 38.448174 33.428429 41.149521 47.910419
76 12.044 126.207642 28.952133 22.009190 27.979557 33.674507
63 11.470 179.174561 33.872730 28.903366 35.091843 40.586891
34 4.520 213.461761 71.556625 72.011581 76.061424 79.251793
75 7.587 229.047409 41.592812 37.587780 45.555252 52.308937
75 12.049 126.110443 29.140491 22.275909 28.279224 33.980118
76 11.633 143.002548 30.814257 24.781116 30.589655 36.018944
38 6.335 269.709900 57.555111 55.824780 61.215942 65.767731
36 5.792 268.225525 59.968410 58.785225 64.302284 68.863747
77 10.957 136.592834 25.306194 17.059996 23.487337 29.709280
76 12.259 239.844116 32.218414 25.412857 29.563566 33.837143
38 6.335 269.709900 57.555111 55.824772 61.215935 65.767731
38 6.335 269.709900 57.555111 55.824780 61.215942 65.767731
63 5.437 195.127853 55.387539 53.101246 60.214634 66.153831
76 8.492 199.396469 45.801075 42.517242 48.801231 54.128784
71 12.228 197.664581 23.734186 16.370527 21.298773 26.179176
58 10.738 152.207764 29.278446 21.770281 27.690552 33.523495
51 5.146 175.259720 59.131542 57.944115 64.840195 70.414276
58 5.387 194.000885 57.196983 55.446144 62.336857 68.024796
72 6.872 205.544022 49.248882 46.130295 53.247097 59.275398
70 12.807 300.680115 41.327236 38.574203 42.398712 45.739281
75 10.304 114.571617 33.438808 27.743690 33.268570 38.378582
72 12.462 130.569290 32.476681 27.829044 31.170708 34.447990
60 6.879 183.031693 49.696243 47.306206 54.285721 60.096989
67 9.646 126.238823 33.153873 26.698072 33.031765 38.957352
77 7.950 215.878540 40.265598 35.766571 43.457878 50.111713
74 10.768 131.653137 30.819897 24.937269 30.333025 35.358490
72 12.117 184.034714 31.250811 25.859428 30.918423 35.517021
75 13.286 130.200760 31.425905 26.671749 29.639957 32.645622
65 9.994 130.237198 28.560680 20.748596 28.067659 34.923595
74 7.738 216.704147 41.006981 36.862415 44.578667 51.178623
68 11.740 175.017334 32.198395 27.733566 32.606262 36.908520
61 11.075 83.522163 30.949049 24.661337 30.272493 35.617538
77 11.435 75.701019 27.553490 20.962217 26.721369 32.165146
67 10.960 238.827118 43.390678 42.051273 45.994106 49.068420
68 12.142 139.350616 33.282207 28.532761 35.123405 40.877686
68 12.142 139.350616 33.282204 28.532761 35.123402 40.877693
70 13.465 119.973839 31.947607 27.664804 31.835037 35.555225
74 12.046 160.196487 39.051453 35.704876 39.940498 43.700954
69 13.307 326.448029 46.797588 45.046593 49.076553 52.428802
64 10.274 163.817169 39.069946 35.629498 43.084312 49.310646
76 13.740 129.718323 27.635267 23.114508 26.645727 29.934374
75 13.737 126.062149 24.223932 18.423580 22.438803 26.333387
70 11.706 335.404663 44.300747 42.396816 46.906963 50.596352
64 10.497 329.209930 50.019966 48.102467 52.667511 56.469120
34 5.399 55.722172 60.881504 60.596134 66.338806 70.994812
60 8.715 158.766953 50.002125 47.103531 52.236195 56.609127
69 11.333 96.590942 24.380119 15.820352 20.565493 25.619934
70 11.706 335.404663 44.300747 42.396809 46.906956 50.596352
66 9.573 228.489365 47.596741 46.063492 50.959167 54.888660
75 9.727 80.351234 34.518898 28.329641 33.596313 38.653221
70 12.398 90.607124 31.107224 25.557783 31.747778 37.383808
25 3.262 31.441307 74.588036 76.791504 81.597420 85.121361
77 13.202 126.969101 28.275166 23.042076 27.031221 30.777895
66 9.451 231.798782 47.856945 46.530216 51.471985 55.400574
28 5.262 13.749896 55.147038 53.328117 60.140835 65.853294
64 7.342 139.482285 41.720623 36.916855 44.636127 51.370544
61 14.756 152.415192 36.054798 32.776478 36.042213 39.000816
71 11.467 405.547150 27.895931 21.014702 25.888788 30.654139
37 6.013 187.290802 61.292011 58.883057 62.907532 66.524628
32 6.089 181.222244 63.258160 62.285553 65.996895 69.095734
38 6.018 163.037811 54.635273 50.156158 55.018181 59.700016
74 12.383 104.010513 22.102972 14.618729 19.344673 24.143353
39 7.155 140.143082 52.161106 49.152828 54.424862 59.037949
56 11.075 268.423492 30.256786 24.149532 29.693125 34.882538
38 6.018 163.037811 54.635281 50.156158 55.018181 59.700024
64 9.640 25.635214 29.749601 21.329779 27.213919 33.233173
73 11.789 236.613663 30.525240 23.327669 29.435650 35.362652
69 9.429 149.173828 41.125149 37.322979 43.555058 48.999554
46 9.439 219.753860 32.128902 25.365282 31.831856 37.885147
73 11.588 65.660316 28.138739 23.149700 28.206631 32.725533
69 10.443 199.756531 34.954006 28.801558 34.373352 39.624016
75 11.918 237.355530 29.974499 22.816288 28.742298 34.500038
58 8.765 200.810684 35.255447 27.865824 34.862659 41.595242
73 11.576 209.853699 39.223839 35.528194 39.184578 42.546169
77 10.573 99.300705 35.770184 30.798866 36.309795 41.326931
76 13.863 85.911263 32.700172 29.033667 34.246067 38.785072
68 12.784 167.160263 33.599403 29.223173 34.279682 38.742138
61 10.559 165.603851 37.313297 32.877026 38.506222 43.447044
77 9.589 100.776802 36.945038 31.739277 37.523060 42.796978
40 4.963 91.121704 62.594330 62.307148 68.202080 72.950058
36 6.760 244.580475 55.075321 53.166546 58.188644 62.454548
77 11.785 106.708443 26.548113 19.621550 24.806124 29.887806
47 9.636 215.365341 40.056145 36.335289 41.768856 46.480499
47 6.393 200.586319 56.319439 53.333271 58.257023 62.642559
54 10.862 53.310867 26.675220 18.441355 23.908325 29.456980
71 11.955 54.349224 26.418959 20.297371 25.870882 31.063536
77 12.260 151.345352 26.495750 19.602615 24.475864 29.209837
42 4.939 61.515602 54.331322 52.402119 60.091438 66.379021
64 12.362 143.267883 41.351601 37.910042 41.907795 45.480961
49 6.312 185.580032 55.759487 53.771484 59.985924 65.181602
63 11.147 48.301636 35.638199 31.031464 37.287849 42.769985
77 13.038 149.643234 31.686140 26.737957 31.367590 35.622131
72 12.843 148.931320 32.228607 27.323418 32.095718 36.457680
45 9.418 50.765953 43.007790 38.384514 43.485340 48.163193
66 12.736 175.182846 41.974876 38.243313 42.136364 45.679249
58 7.453 48.576347 41.545013 36.099869 43.377701 49.966122
71 10.928 148.066299 38.938251 35.543652 41.206497 46.091236
77 12.237 151.133347 35.386372 31.277048 36.418739 40.977177
67 12.079 147.880478 33.929451 29.261864 34.350353 38.945183
61 11.171 61.822620 34.583244 30.287930 35.785351 40.585064
59 7.253 146.224457 46.229675 42.907890 49.673050 55.508106
66 9.734 147.925369 41.453194 38.054726 44.141270 49.400867
69 12.806 211.499069 45.115936 42.765556 46.937920 50.409565
69 12.806 211.499069 45.115944 42.765556 46.937920 50.409565
74 10.116 158.518204 31.596468 25.461800 30.840658 35.854877
68 13.943 77.504181 30.729477 25.261654 28.916424 32.453949
63 12.791 172.439774 42.078197 39.240780 43.688152 47.422455
69 12.806 211.499069 45.115944 42.765556 46.937920 50.409565
75 11.575 153.715912 36.734859 33.238613 38.302357 42.603817
68 9.470 194.460556 36.560928 31.074760 36.217548 41.003601
62 8.683 187.870026 40.132206 35.436440 41.422485 46.791744
55 8.115 71.744194 41.374477 36.637402 42.223656 47.376286
73 12.597 59.498489 25.994144 19.223516 23.199263 27.267859
73 12.597 59.498489 25.994148 19.223518 23.199263 27.267864
58 7.618 124.785736 41.188061 35.811825 42.606956 48.835949
54 11.113 83.670532 34.381424 29.406433 35.517563 40.934692
58 9.285 116.693314 31.005682 24.671125 30.023046 35.071426
74 13.557 73.934334 30.032887 25.204329 30.572952 35.419838
75 10.295 161.209229 29.687113 23.105623 28.298971 33.243031
75 11.593 91.781776 22.323931 14.710090 18.827692 23.076630
69 11.217 93.006134 22.958311 13.310432 19.398214 25.675346
77 11.696 183.921478 24.729591 18.085680 22.732792 27.272820
68 12.547 58.613750 21.441725 14.304469 18.547779 22.846081
72 11.455 144.357635 37.898468 34.903305 39.118832 42.674324
37 4.072 131.449951 71.326874 70.302963 74.862442 78.646118
69 11.217 93.006134 22.958313 13.310433 19.398214 25.675348
38 4.821 180.790649 72.122505 71.419601 75.515701 78.869133
34 7.265 40.059731 46.777824 43.302826 49.502193 54.894638
72 12.625 202.107269 39.145214 35.561844 40.098808 44.069622
45 10.336 43.225357 31.734896 25.101807 30.960938 36.537033
38 4.821 180.790649 72.122505 71.419601 75.515701 78.869133
38 4.821 180.790649 72.122505 71.419609 75.515701 78.869141
38 6.241 133.178848 57.936428 55.585327 60.473434 64.686424
76 13.310 142.085114 29.602398 24.332178 28.601568 32.599255
61 12.287 239.066086 42.535755 41.088787 46.266212 50.373024
75 9.641 98.071320 40.187099 35.266453 40.419495 45.189018
40 6.858 135.481171 51.673267 48.090858 53.937695 59.087578
38 6.241 133.178848 57.936440 55.585327 60.473438 64.686432
